-0.37715314993732957
-0.4640006798530922
0.3671052832802563
0.2962034638032418
0.38148762719881846
-0.2528989579643
0.1311964470709036
-0.2414318943357199
-0.25998581480221084
0.3680355123378943
0.34884094612515637
0.21670592501277222
0.1965001075848236
0.17755435544030262
0.34720505152950604
0.0824333773270452
-0.4391312250001746
-0.01591515499885601
-0.07055423226777359
0.20893325246696484
0.184738478505718
0.14137253009702389
-0.0767302286263581
0.23623329651370015
-0.3256784498350263
0.006452552965593426
0.16432212278195393
0.2721220258670983
0.32735937419058087
0.2393884492553723
0.12725348071988588
-0.12269057815075893
-0.5936058781159189
0.28539387885343187
0.10756991943241367
0.23312295490397922
0.3813304606924693
-0.03136300625979187
0.11369308196110656
0.026835542561516965
-0.5083508565850878
0.21275109086363564
0.30335599042923067
0.16141205468150066
0.13844486031899877
0.10636429492610484
0.03612174440620927
-0.02950888890676729
-0.2995147115327878
-0.18090567530105867
0.22870707716519303
0.17492125534832478
0.0407408276254072
0.07068532302117969
0.20380965966144482
0.09379802278889875
0.3707724842783557
-0.2995898814141802
-0.04196174474551225
-0.054788827973975496
0.21180452333934682
0.46920515460231077
0.4693071270197694
0.27435311301491905
0.8164453771441507
-0.1997111922263155
-0.2026491678263002
0.40553226245462626
0.5556417203241393
0.562171968777908
0.7780367736877492
-0.028377940797697704
0.7982099035134577
0.06933259870036725
0.05925453830961748
-0.01406416984973916
0.42232125793169395
0.7011552787531484
0.48395053910984026
0.3840500999003774
0.2634649720674588
0.1359045641324321
-0.1639076075598574
-0.2521127836902695
0.22176956153918503
0.2161184876917193
0.3017011432289235
0.7916497204814181
0.08598540902898137
-0.027069203055574094
-0.1954608736396707
-0.30995481877891096
-0.012282687918692211
-0.0845296792421724
0.14377565844058973
0.6762829773896745
-0.037588444572614385
-0.24556195616008153
-0.09218421544197321
-0.49884674952483116
-0.1180571393360651
-0.31846139501181925
0.2663893389656948
0.5843005428521911
0.46715769849447203
-0.12403459185697563
0.07325303298089826
-0.554673618669814
-0.2650626845581822
-0.47374273621603546
0.14946061011862063
0.47145002564455574
0.22702868487933436
-0.3309282249271141
-0.012607733150674554
-0.28007850065221546
-0.7922783092045934
-0.13669616019917571
-0.6683436266971106
-0.03917382077434731
-0.22642010368083942
0.2081514488841913
-0.39051252553764
-0.6243627620146148
-0.7178854055025856
-0.4872749092593916
0.005078280557510056
0.32054780043344067
0.2829187969383995
0.14268002406310784
-0.3645443404890494
-0.5596503672852714
-0.6276076371297201
-1.0470882346979582
-0.7808832316941111
-0.6618651591736437
-0.1403590628267253
-0.13630309812730113
-0.5443903662369878
-0.11046196997453404
-0.4858934239927273
-0.46361186485210376
-0.449803232995232
-0.42137912184355786
-0.05267619503300535
-0.21551515211455796
-0.29377933605082396
-0.3394681552545374
-0.17848231575792559
-0.1745927687667234
-0.7496936218371002
-0.17662854054404603
0.061137673272490194
-0.19793099486572002
-0.3788053006212948
-0.3349595114204028
-0.4647308221044336
-0.10424142216833249
-0.1449268333929512
-0.29075531940855587
-0.05969867305892139
-0.16962563362211092
-0.2540989341362343
-0.11167074037433723
-0.14611913272809982
-0.8048459883216144
-0.5072760448568435
-0.29268457619529153
0.16900489957239237
-0.29402187712407823
-0.37077897513439184
-0.3119127140202956
-0.502289716202073
0.10150427740106197
-0.4467140132970485
-0.7920640802597286
-0.3043746990478772
-0.0419454226127775
0.04807498080160352
-0.10265804350857398
0.0017873737269909114
-0.11358800168156385
-0.24691373804442404
-1.238720703402917
-0.1735062924958819
-0.09250128445009805
0.11555849730000761
0.06759929037446397
-0.1907906126395797
-0.032956061222708874
-0.23076597316918815
-0.33744381511750904
-0.3039836464237323
-0.12412839934338446
-0.020335273982590406
0.3219706758218641
-0.04444869303362148
0.016019422822155172
0.06710789529851019
0.6675455584986223
-0.3404039748903599
0.16343032410773317
0.13284779836267224
0.14596579973573634
0.23232899780132155
0.0014199587063000528
0.1227116132079925
1.0116422020935347
-0.11299600623839356
0.35365988737267057
0.34713612502856644
0.1344225520570286
-0.25587224161128114
0.029405733802649762
0.5274190779698078
0.9392204115114011
-0.19223349791786684
0.37930697880776937
0.38249568315418664
0.40372211219684484
0.19443240791347838
0.4870475699320967
0.7599846545119006
0.8286893674639102
0.12332679564717158
0.3437634344486816
0.3982849516385382
0.7063092880981602
0.20336556086288696
0.4191443684258164
0.45020419970287484
0.5513561045547989
0.3303140933095958
0.4962692067320088
0.7645367176475693
0.2926522607750285
0.47778724474682016
0.40985971525347326
0.5344010575014148
0.4202907532690518
0.5909783695268356
0.41776627738841604
0.6493545756392923
0.4433430067648217
0.6975876007100722
0.31872725143274794
0.34421471386807345
0.08935412809102063
0.5326921222045069
0.8471006820582614
0.7077260779790053
0.8598913886297789
0.7107273557932783
0.35409279565335067
0.18566372256545816
-0.4286740035063368
-0.4471436326366913
-0.18885398261477937
-0.49626428718418
0.10456612787713712
0.40369733497001486
0.07897599010719356
0.49472256948242055
-0.3441236072049909
-0.5845037886475681
-0.07780228050652106
0.11174817530663105
-0.036833880142309955
-0.028484718029617075
0.30402919545247603
0.06783965667416507
-0.1829973462205062
-0.5835194532711482
-0.6382857209076009
0.050355736003915914
0.3081502111382777
0.0850832976599994
0.3495039089461288
-0.021498927838818942
-0.008584301247176872
-0.615525456615997
-0.2116948673267346
0.1782421768127948
0.06181899440051759
0.35391125615034874
-0.07150057799202182
-0.04696627874806588
-0.16730154402926506
-0.48005373302790916
-0.3845197680688042
0.10253204969600144
0.43716285489567897
0.10860062113512797
0.1281042382401947
-0.23857253026824699
0.24693337430573944
-0.5978899982824373
-0.10088473515087708
-0.07017390837146244
0.3045016727159843
0.01705427204379498
-0.03976684073360976
-0.2430866031379221
0.21503092791076597
-0.0088998273633374
-0.3736045390624131
-0.06720131213394294
-0.22824160564979287
-0.5496471538761906
-0.357873300026517
-0.4416259068079509
-0.6146318936892802
1.066412282544604
-0.13687559330593388
-0.8414870356643152
-1.3755702770978702
-0.280189788147124
-0.5884138917860331
-0.0045487372048111105
-1.4046946275171064
1.6245239620309515
0.12485902715489419
-1.623783634459714
-1.3587462090160984
-1.5128489158385556
-1.0310826306613101
-0.6279584316458332
-0.301738995105288
2.204021318249179
0.9444211387778305
0.01168975318534579
-0.8040529935460115
-0.7913197094264869
-0.5071402139525993
0.015573619260094582
-0.2564837263042371
0.7464675906345944
0.12416721836943981
0.11307130658479216
0.159448368425629
0.1616002168043471
-0.1654231644208331
-0.030362003545433322
0.18318058089345354
0.014340409093033349
-0.2515818013149372
0.2822270781456065
0.2384754044174497
0.22110193178278434
-0.039392920108567375
-0.21648926466715976
-0.2815471141856533
-0.3507958311170595
0.040285237303140216
0.3860174332147666
0.25534002950107954
0.10931450355518418
0.42930778218342347
-0.2150770911256077
-0.19575467577370456
-0.37295104561714626
0.08561229163690921
0.010587615216653757
0.5162812516570899
0.27034483968751055
0.24256254133762115
-0.049667180567448156
0.04517415453288115
-0.21924044002483495
0.19117344103626108
0.14724168201576895
0.42459993984443783
0.4398428175402395
0.26923384416970536
0.2422876387925434
-0.3642937463944031
-0.3044045605538049
-0.23383358058200415
0.1662096014243563
0.373787516617223
0.6209520492904043
0.8885088017813125
0.7700390754545146
-0.29822278711559685
-0.4529582243426108
-0.22250555773435002
-0.6827723808111963
-0.630937884663917
-0.412961587983532
-0.32847296978042745
-0.5121652417377451
-0.3160658778435908
-0.26393918127558513
-0.3327988763873746
-0.16695953001926753
-0.22970230082270574
-0.521435204255432
-0.06375186059361318
-0.5915488581364468
-0.17682094659045355
0.1945934040484684
-0.17387596750342896
0.1833264459422437
-0.031458060524492154
-0.0451027306625117
-0.43853112207158346
-0.36251655259910937
-0.5031264707613322
-0.6371498115195664
-0.32610982406314554
-0.47487537468844543
-0.11142643456185193
-0.1931521880849049
-0.2289170829361784
-0.2907381650690483
-0.4566268688333523
-0.3946736787476492
-0.5204889711597818
-0.503411244360465
-0.4024904317854041
-0.2065606593732339
-0.052816451480094215
-0.29099343481393486
-0.3552685271709302
-0.8585302857147791
-0.18721320520726353
-0.18697516719086413
-0.1394290220379194
-0.2658755615117512
0.1701277007441035
0.16980017444533296
0.09097043372485207
-0.9131320123717016
-0.411166709782109
-0.3330807957757482
-0.018493474852281987
0.16765045312072255
-0.021625142761864648
0.5173525007521101
0.24444649394943266
-0.9172325849349249
-0.2974528644155667
-0.46952886358778445
-0.0669063842603909
0.189972354455037
0.290776166577494
-0.02045297856353216
0.3457101096234949
-0.3024507711983214
-0.07514790530898033
0.23080992207350337
0.06164592531551858
0.13936763240931527
0.41908447123830783
-0.13984575812178227
0.5060834130248912
-0.03811913291577523
0.08742347986298794
0.15026367141928298
0.03593606798921117
0.29748254198518914
0.18372692768606655
0.3958878950097432
0.2856050309087887
0.33501064030261135
0.07009045426553152
-0.06897793382633757
0.06198652151610485
0.6366431400721936
0.2963861917494902
0.48014676607441886
0.17512447485009955
0.5130460989822608
0.44523484735139335
0.30499875798635845
0.21518002046673582
0.44535327294196636
0.7260062460286022
0.4745954546929365
0.052519439454224374
0.49487252113158736
0.5714433897787153
0.2698636924433017
0.3694804147523096
0.2855478613840941
0.296434877318616
0.4533607793796713
0.6180035111778457
0.5281733011561152
0.4848958943435959
0.5230834458882743
0.1845602385570293
0.3398282659654512
0.6923597597581195
0.3888148489647185
0.49122662034538833
0.2650848453038533
0.4901116479828029
0.44959463950701956
0.4054809803416834
0.41192186078901916
0.26850656780297616
0.5047022794489564
0.5190927904219651
0.38613167789376646
0.4493228875528761
0.8331954319519239
0.8464733682083453
0.5041202910750177
-0.09016020915901624
0.2929685853994214
0.7068135422863174
-0.5553618843491708
-0.29233291904711295
-0.0683645647993112
0.21158393128951242
-0.17181530358335745
0.05057646983385116
0.5726633343736712
0.22367116231543951
-0.3736334282111006
-0.07933454084996247
-0.17789570494740908
0.40878757803721644
0.2313092196558614
-0.01977610401157931
-0.05335950947734744
0.01059399464485029
-0.2505304469849935
0.15440409446525372
-0.04556992588155557
0.10454163709523868
0.25232810381712045
0.03107525399411589
0.3300395243960701
0.07007114030714108
-0.3078970017339035
0.1442805738268998
0.35005123091470036
0.18168805439864605
0.18304499527486132
0.3017740051977765
-0.06978944412405821
0.2109957603331032
-0.3184567790082333
0.3776366649986895
0.07620524609619497
0.3933868017808694
0.3186445137504025
0.1915279212279615
0.14126966094868623
0.5522341009999377
0.3385987179751983
0.3537312799437084
0.3944219326652073
0.1174218715267002
0.11779100811479301
0.1414199153309195
0.2084182697944688
0.3012278571180595
0.476905722899828
0.6036987154474468
0.32054832575716563
0.33019347391332843
0.18564886376945766
0.11946626910692555
0.004417608313669549
0.5143838775153732
1.002090721274226
0.5954319473667155
0.35431562136910083
-0.06460058046112531
0.1935329829952329
0.2563394416966229
0.29393005354256513
-0.4183616257110775
1.1733232426858387
0.7773228241407367
0.365263319819346
0.019361236968314963
0.003943861762809486
-0.17416797517058935
-0.4850236297996156
-0.7915679702199797
0.8100993228863193
0.4605985816096829
0.2840215183263815
-0.26992733671046676
-0.469388584951073
-0.6508395950720458
-0.5602199906936629
-0.36705438543661306
0.4022177766082547
0.2043918002280647
0.18857615964918584
-0.0454105927628824
0.040755566596619004
-0.2235041970224286
-0.16280597145016087
-0.06655658644270032
-0.40743200153166714
-0.19713033501803615
0.07466618836452123
0.2961153177696013
0.022550058997729168
-0.007917729652267686
-0.16296018366352602
-0.2468888553233166
-0.3530410761254834
-0.009176174812735022
-0.03821885145779987
0.14880274339196004
0.2115792900718376
0.10645182230966985
-0.15493671577204338
-0.03432668118075819
-0.5372655697915173
-0.05779803504573496
-0.09220912205702304
0.1514328660580597
0.5114081816702405
0.09738421538118366
0.07426074220791838
-0.026812459494198537
-0.2203236955181868
0.17478248989484577
0.22043527882315667
0.24054612609092518
-0.1653757390410202
0.3894634677642248
0.11532017913655997
-0.18191027507723728
-0.3888135669961993
-0.42635010294787634
-0.16517990881594635
0.29450951188309576
0.41551752836351785
0.26785578785587066
0.2781923431257646
0.8036782160560575
-0.3810527654366937
0.20501108628363449
0.40185185100602405
0.5249060442831063
1.1821273071493084
1.1044034089929127
0.9172724221380337
0.7098591931669505
0.15369970999040602
0.042840391651088786
0.4885189417589594
0.15828076943784117
0.5645257329755314
0.7547978645023221
0.8663004818059433
1.0835257836150751
0.1982126418354889
-0.025467100154993524
0.21161413820434904
0.4194487448809251
0.4105239914152671
0.43642569018299443
0.8820156897283361
0.4391035836876156
0.07441585148806493
0.03934413645080117
0.04314506072726837
0.5230043959517686
0.2950367133891734
0.3794886221607091
0.6300694145544421
0.5787932760225927
-0.39699756857667046
-0.1422988210478968
0.10493541665687753
0.26036732821076175
0.08095368221024818
-0.17446960468989678
0.14336967721952007
0.19708687826923266
0.18163093774441938
0.2722584284383578
0.012908444195389555
-0.3014225150403529
-0.33608719388125624
-1.0919352456972111
-0.5305309234354757
0.18054466434930713
0.021543600863774708
0.09511429308654952
0.1115575048446818
-0.10034703898609301
-0.2953166956202879
-0.5694326290994528
-0.6380258418601947
-0.2863843148653202
-0.055325793094908544
0.38107380332469637
0.3618683690369407
0.5961667838530615
0.15143001352140784
0.12550529742070246
-0.4475536258513479
-0.4633535733844166
0.6712173184487181
0.5622187020868906
0.4119671828300752
0.1920129424345657
0.2797891387697866
0.0882904960514121
-0.09683430740500218
-0.5721970704379314
0.16932130469545628
0.5036614523805123
0.07298499397905991
0.4083618752761845
0.28052759940125405
0.07592077403356878
-0.6130396452645688
-0.9977144200434652
-0.3362892583331774
0.2933816489605269
0.41150936084629525
0.05312898825209653
0.2630355219410481
0.16195807870349946
-0.3783779920305073
-0.904509715741153
-0.10930271755746049
-0.08932369761161936
0.11189975608974298
0.2706450950213846
-0.13027914433886775
-0.1335892712907276
-0.3853519715205412
-0.5568664836466318
-0.9360855861833729
-0.22748166680179574
-0.545259487458356
-0.09152678627098279
0.21086918394847734
-0.2884611595983043
-0.7346356188098451
-0.5287000496111433
-0.28147119725215936
-0.8978366662100178
-0.4622753893173286
0.08307043452764129
-0.028423323080908933
-0.5361368355284505
-0.4814012315925552
-0.5873582862222654
-0.5605038582711047
-0.2808392246082895
-0.6820735866130022
-0.25834032381264105
-0.3623837599629739
-0.0826445990396116
-0.18020634077257208
-0.6531692174086842
-1.0762571565890806
-1.0383947267190101
-0.45372513106137446
-0.6855571177867927
-0.4985556176919419
-0.5997624881123415
-0.3625215495726447
-0.5005118903827634
-0.37961079845471873
-0.11686488734635542
0.2704062767112974
0.3092607335591494
0.5387195530098636
0.33048891040100753
0.2696338092527827
0.31837388856076626
0.23848232939137384
0.40793515842669326
0.44033406668516817
0.3307309708672654
0.21075103721179153
0.09556730070277637
0.20152178541696025
0.5721757418350122
-0.01570950091440578
0.29393167261397796
0.41965184803990857
0.3207665880428026
0.3082136276799908
0.23660895791033676
0.16700134220436302
0.09479859107782537
0.5017112711479254
0.253532378393083
0.47075961615384776
0.6134568832735473
0.16339504207666677
0.1718076894375426
0.14510437829712242
0.049103477083034364
0.25229964901033486
0.4079168363159327
0.4321197396511951
0.36970750777594386
0.5760761985580165
0.5512594244455262
0.032463628134319966
0.07840335948244122
-0.17683989854978352
0.1921458860351057
0.401916870803703
0.20511904294096348
0.34350132303889747
0.447303317589535
0.47209172124584414
0.18762056422400042
-0.04199738332400473
0.1662276887724455
-0.17094966549764373
-0.022604848993663735
0.08680947153157337
0.25201506907011617
0.49908992913175415
0.3405272517414026
-0.9143809156978634
-0.23323272880280857
-0.3632237607356305
0.011667905845248535
-0.08676580587310621
-0.03677676684109466
0.20388398597604576
0.10629261331246687
-0.468742291906246
-0.8314931568903361
0.27928975986419985
-0.5923987523656963
0.0666128579075523
0.39422081195448677
0.32848197942067797
0.33411813535826806
-0.25689560523828897
-0.6614877300361537
-0.26770862150872143
0.2296230500106811
0.12034813563948632
0.44641574536593387
0.38486470143111795
0.525379129876398
0.190708266697411
-0.30692775092392127
-0.3024789372316942
-0.433632336087666
0.131587727312829
-0.048464941260283514
0.3952425216093535
0.4288697120113064
0.11054870259339941
0.0006186668829145623
-0.32313941074376246
0.03751633333644989
-0.3021062452773489
0.16264827784126012
0.22299100721930407
0.38282571732729026
0.04613698899334065
0.06051915196101185
0.028712242858334312
0.11203420966064938
0.03353847066974061
-0.08984937161765605
-0.17996443770185058
0.24103962610464777
0.07045058476388931
-0.013991807491868399
-0.03004955490673755
0.08033781379809449
0.09555944876534465
-0.21275889786059624
0.21253959317544444
0.24968028878290563
-0.07711533739807061
0.24207169551333818
-0.006351156845618977
0.18250335895099426
0.09416214782259827
-0.2824024576640006
-0.19755813238027867
-0.026542497134610116
0.005625643124719893
0.03592420573005529
0.1339691220666039
0.5190876501528301
0.25377261655397665
-0.2173435503489642
-0.09793799848350462
-0.035056818750459004
0.025847777392454883
0.23861959729285115
-0.19889197483024448
0.0002482988231842135
-0.21090787921594895
-0.6104936160527811
-0.3369306193366941
0.37799081668053774
-0.0925842115516923
-0.12490106843748246
0.10545301245711645
-0.11080070868354695
-0.3712213258678633
0.10229477834226577
-0.6284146166260464
-0.38075732977348964
-0.09399732165253795
0.16486645425493257
-0.5080530621444679
0.016754567676741935
-0.6224346307561325
-0.2917096749218577
-0.23739858430791044
-0.05137675163503143
0.23773796255583746
-0.6020844946862783
-0.38261088771823387
-0.5012228908967367
-0.46413455341283844
-0.12211676028074449
-0.550125397882965
0.05108666241536436
0.30950675578038783
-0.1926405320561617
-0.4055818306149519
-0.7132454860786613
-0.7172645144082045
-0.7625981048897789
-0.7295058671139854
-0.35244324183436604
-0.31634588571551736
-0.17892304295029401
-0.16235156349369262
-0.46524188606002637
-0.35190285030484125
-0.4626823125057753
-0.4382129256525434
-0.7056919831823142
-0.20973485366677494
-0.05149180559561186
-0.08308313559091243
-0.009752707849664843
-0.5145611630146942
-0.5440278130781268
-0.25019858648052884
-0.4693226319479531
0.4796265991337174
-0.04325022162406331
0.07813793124560989
-0.018380597692039646
0.13120971729023978
-0.15810675484159917
0.23547096683646798
-0.08096387083451309
-0.11653690036465911
0.09679443844478121
0.11850110294090138
0.3543313464522876
-0.010035923620983253
-0.1624971043041897
0.5199232647418192
0.08823511348573228
-0.17037057507515432
0.2513698621395037
0.5221368413450995
0.05058121213408899
0.1604667986896766
-0.1627203808603415
0.17552610718821524
0.2418173042377517
-0.2233970639221969
0.32566358341041535
0.5516639309061845
0.111764519549459
0.29274525816551106
0.3057955711369404
0.6471860264802177
0.4497625807438633
0.09200604364406263
0.7087284218381352
0.4914707124157242
0.4205324184765941
0.3173072907988245
0.2068551337854627
0.509977437211036
0.6874115276545829
0.05312012758911316
0.5046374548661761
0.5273026493656056
0.24251624400522154
0.15879877636121983
0.05462313438064766
0.6486178557768068
0.6828720434753967
0.712514271563149
0.5804122633004982
0.5964178623479433
0.367331710220323
-0.36512848236287
0.24098777930379564
0.5239826158285987
0.6939722983032093
0.5621126271066731
0.23247409098356273
0.42632855539967307
0.19748314871002548
-0.8419187204236902
0.3127398950111385
0.6449680572985292
0.5815872693114349
0.28421534476691784
0.8157405572660419
0.5172062031959525
-0.9366265014261762
-1.614977964737896
1.1654425683298222
0.7355666921926538
0.8130686944117134
0.479140333891081
1.0547185263493966
1.1262449843747087
0.4770390307119009
0.41382350058678224
0.627729463551376
0.5004624613836393
0.34203872715603156
0.18548594686167208
-0.08179665026532729
0.23235756301785485
0.201710536417886
0.4150742743946322
0.16025019831832446
0.17555320761169194
-0.20080795320811737
-0.22581696482214847
-0.1748289929034567
-0.4742716424844246
-0.39127533540042925
0.14543524451217824
-0.11097595481562841
-0.30805352506273376
-0.3054852348892087
-0.6382896252432911
-0.816399261240049
-1.045123773288705
-1.0713313010232524
-0.9461188168154111
-1.0203886168133636
-0.8311609919261479
-0.3875610550460268
-0.5503549126130598
-1.088475954308861
-0.9077864008413545
-0.5086681705893011
-0.5646241555029108
-0.3883922628546405
-0.23112854418440312
0.16829615165496645
-1.6609929323465704
-1.4136306768308584
-0.21191600827958978
0.22996901100453074
-0.03655493180693482
-0.49823613969673997
-0.3432359453813559
-0.4564606946083621
-0.305413207150314
-0.09856560039010374
-0.12508584327758485
-0.2529420311233235
-0.1164806646032178
-0.13223182139480064
-1.0055151270454643
-0.9504772775526914
0.012505017421747163
0.118465778227946
-0.22394196133673167
0.02455418956896465
0.1373102087333661
-0.23964885358760304
-0.34031460967901683
-0.8426773009488261
-0.3496356319625243
-0.5953077739643099
0.06011645411192999
0.1561244492990189
0.007127558497696197
-0.28963351878340676
-0.2229785618168705
0.151090370962663
-0.48938489868999663
-0.2072448982259722
-0.11908724747261837
-0.09468618631689255
0.3466495993262262
0.202349151477922
-0.17057972008480438
-0.25167982439992015
0.08510112362426427
0.10259455981369246
0.2544553890910981
0.3760708811459458
0.24019847388785995
-0.05023441440927097
-0.4526372986366508
-0.2471951770503726
0.06035785339607751
0.4017307908811849
0.11681861259567775
0.34356608589048204
0.3162888637293226
0.09721040262407485
-0.14290227729001653
-0.007532243867020715
0.23887600741145706
0.2326326074987873
0.3695431586551914
0.7274225521124894
0.45036342113184624
0.18472594096747336
0.6048038675720524
-0.04721925619625943
0.05486162582543263
0.35102518659394344
0.38841366134341987
0.38126260117459265
0.460362622624621
0.3458941335414813
-0.08866612837566222
0.23284491921166825
-0.006935755198945148
-0.03388016349758406
0.11210618517542607
0.3888156563870076
0.5892725362876393
0.534949663807612
0.21064672469144116
0.4963377594566989
0.46265950669265443
-0.028792604998816876
0.25651479341588873
0.09143136598205877
0.6677228559558619
0.11082771743372423
0.3081372422755084
0.6041611384560716
0.027639925477330334
-0.07707840087858876
0.14849782814815382
0.21284305935233588
-0.1894744447762741
-0.12031413875106609
-0.13038381004544267
0.17673691781297687
-0.08985510380833121
-0.30585781638818554
-0.20132890301934334
-0.5045219578674578
-0.3078988268544978
-0.3013434251277618
-0.41281223896632624
-0.14304205278383053
-0.533460138695649
-0.6133720671088722
-0.4832892655183491
-0.5637489856051905
-0.3560324948262881
-0.6690203229487464
-0.522839042400321
-0.24921617633823237
-0.2819380162238553
-0.2700191369008641
-0.296755909325711
-0.1770843909771094
-0.4711218596610888
-0.022339620526878313
0.3276724491056118
-0.08608428900379364
-0.30325041387288354
-0.23249348731990516
-0.27890319065104463
0.1801356466737727
0.04075446610755794
0.2477269243990846
-0.14595140340859694
-0.4861208804513999
-0.25119391780340916
-0.22764611130674062
-0.23545202767103388
-0.07983390133967304
0.07961487548641484
-0.18377739877664132
-0.17878650357415832
-0.05552848195948522
-0.5502902040464337
-0.500527166231457
-0.2630467278000331
0.2910521317436772
0.12125809985257092
0.07877018394986599
-0.16809546743104498
0.09388573298803021
-0.6358726017961148
-0.48575190049115247
-0.5211276105074619
-0.19346639316158243
0.12493906594271027
0.0974745604553512
0.05475976194349626
-0.023999682509828327
-0.48683719685719257
-0.5234850996268998
-0.7584557110076248
-0.15861356050063988
0.10121261031586647
0.14519167394274263
0.23499728099947886
0.042728798805187304
-0.5800320153710329
-0.5358976389231552
-0.5986933537880187
-0.04510259387372833
0.024132746244061348
0.05883023902069283
0.2721458306898083
0.30347876219073244
-0.044275642771102575
-0.11913312256195287
-0.29583997103008797
-0.3244256991284293
-0.08043925618429527
0.07539479816499133
-0.018546587013121806
0.2848005963064843
0.3879065060351979
-0.07771361028256939
-0.2380954038515747
-0.27563955996230793
-0.045003190390394035
0.28846403311232643
0.2486005305059606
0.5863041923440673
-0.027090654508302107
0.13189503546756248
0.25317579734968615
-0.3706865195321879
0.07909972883244507
0.3415670215331061
0.4284683246373702
0.34873615145103537
0.24297397446418612
0.1465395041310337
0.10518943514290074
-0.022372862557026488
-0.1474070482217837
-0.06202822155638058
0.24554816395749085
0.3281676227631789
0.12248805574607366
0.21470358680324145
0.46505668328349464
0.767992586580593
0.8627845830133504
0.3244639744964044
0.5311384128626694
0.346015381689652
0.054592836712442354
0.05866330659095198
0.7186828032700612
0.9973900477614628
0.9102658943692225
0.5450942883721736
0.3793434182193897
-0.03284232679593654
0.14581870828845317
0.1625002851578868
0.06726559236170976
-0.13584448505743824
-0.5259461871021499
-0.7801139094631719
-0.6115371470823231
-1.068309715626173
-0.2524843506064064
-0.14308143018913172
-0.2514632493839452
-0.2639328767113303
-0.14463387599427233
-0.816947806976428
-0.5508961162289215
-0.42128208307966075
0.398424653951088
-0.23988689925616147
-0.2743200657487386
-0.21348953317771835
-0.7219632035368156
-0.46694078057147564
-0.07943572288670112
-0.4367089120614574
0.05315914271748274
-0.16067457458052584
-0.11181783841240965
-0.4934521936038293
-0.21140759430435857
0.03752626242482636
-0.34502785147307097
-0.7403675551629006
0.4368657726983072
-0.11809634150081066
-0.6140911279130242
-0.24294663751980436
0.036188147197559646
-0.17200020267705599
-0.36890397797870744
-0.9428854211038185
-0.0003633430739855419
0.03785474407023346
-0.06598304023179985
-0.13793129981187074
-0.3617982737689058
-0.06630378302227272
-0.17167231360137297
-0.18363531622241064
0.05082796443432778
0.1281964699991224
0.3587471646016989
0.13800135780165412
0.014412706041280376
0.07692724330782727
0.056020771733767835
-0.2613749580219595
0.20282779646056706
0.31197181475149804
0.29168402917979513
0.13194840992344195
-0.3159252164820366
-0.1807031943903816
0.036260582104473305
-0.22275362613391572
-0.04642832580685983
0.3909893650226879
0.7364662812050762
0.09882152327610176
0.13706629889160785
-0.03607689496827299
-0.10133433178034243
-0.7446841162773989
0.13268896074274944
0.6592485010841598
0.5318719130095708
0.29843970924622215
0.11069586749265403
-0.0409210653798579
-0.11199847383584252
-0.8099148205335064
0.3304063888634845
0.364998142958224
0.40411676994408535
0.3891942481670651
0.14931114271193985
0.30203803108729804
-0.14987620985043398
-0.5268531650652084
-0.21109834971296898
0.6532162448276513
0.5660826486685874
0.3790856353828088
0.4593180725888717
0.12223175489580307
-0.05266819698015753
-0.39013895479931393
0.7364329538849477
0.15703948098702547
0.38277288381093316
0.38081514358210966
0.11924859722040988
0.06480387600889871
0.15141684848482628
0.17162717532296035
0.25173899886750495
0.6215333384489761
0.2129253767219894
0.16308544724792387
0.5448362321316762
0.3805277867164366
-0.009641932344370878
0.26197109682238323
1.1959755357134336
0.06575039315491268
0.10950121620096619
0.46202150602582204
0.20582026996659591
0.1832172879214517
0.4288767956746683
0.40831250200344604
0.4627269941739937
0.8974130667446444
0.2584514578907112
-0.3643269566029964
-0.5430810061686862
0.2594552886036758
-0.10321465810049449
0.283309700982428
0.9925838050694877
0.28509779137082075
0.6680769271366528
-0.11706428273957682
-0.10187306855262039
0.00895015664709227
-0.5594883722969765
-0.11482724997518147
0.14657102794248333
0.05264644925791849
-0.11804677691856341
0.24004771042615947
0.2540008481289194
0.10209724841856962
0.18732246322348792
-0.18726323462601577
0.187014808723986
-0.06871305309250626
0.35157572197285464
0.16534955580364907
0.3061125734154247
-0.15886190921077603
-0.15110683266092625
-0.31646735252569486
-0.022908095300293443
-0.06842410000919172
0.06712842612145846
0.5246089638363459
0.21265883273491887
-0.1541636316680264
-0.14453237166218083
-0.4904869370608541
0.031968169676693296
-0.06075466016374804
0.000520617580926605
0.09205245959378738
0.031569782844518265
-0.22768250678797053
0.08715918244625759
-1.1095216960716716
0.14631807244941988
-0.052875466074863875
-0.005761263757401405
0.482264529545919
0.3480901485195448
-0.14424079149401006
-0.1274831882480843
-1.4147557858378277
-0.8295005673050212
-0.2523170643539717
-0.0306029105842244
0.027226064533499853
0.2751505205029932
-0.12860575867094698
-0.8678730392974335
-1.1472023607158435
-0.16503615560446866
0.04322247142767208
-0.3270856651578425
0.07209466407752013
0.2795460521326329
-0.8543779850420408
-0.9540723946349856
-0.6049602855523576
-0.09523895490373255
-0.1692539573799969
-0.19326144052436756
0.2908392298369511
0.04349381618014692
-0.7664059339884383
-0.771131045263107
-0.7828809787488179
-0.09007944322778677
-0.36217324508381027
-0.26513095129395564
0.03282409832731656
0.02085419585503968
-0.23149269504472283
-0.974176360946574
0.0138076849233224
-0.2501066873256732
-0.7171250609151655
-0.4043609084229287
0.1916443982341446
0.15292678518721317
-0.5046214711677853
-0.5690401890677875
-0.09576991624097408
0.4455403107988161
0.17348454288342247
0.20787422907488792
0.30888885155854795
-0.06177966835938381
-0.22818487827279393
-0.636470484876648
-0.11995967116772371
0.4720365637044588
0.2365900422092789
0.2735455247316464
0.5033144653690333
0.39792846193348175
0.0765287994470637
0.016477295532573162
-0.7482250920508193
0.21553789654551186
0.0643499656054505
-0.23094968801706722
0.27806452603840415
0.3186990398298358
-0.21765425598431573
-0.1692020370590194
-0.24335008632244204
0.4793773538346289
-0.1411588714897439
0.5321377864233277
0.16236161698163995
0.1844448530072772
0.4375738748114656
-0.08602031038707335
-0.08029371217705901
0.22471173633416622
0.5683794821808275
0.18650207843527059
0.02652952537346575
0.6934813253662121
0.34106887433544414
0.472221386888922
-0.007223908617331202
-0.20345962136644155
-0.24521780927346196
-0.10717500379143836
-0.13309620485855161
-0.36108329355848373
-0.28155206930626536
-0.3243024235598139
-0.2024775087221629
-0.09006139135113317
-0.2659713802719933
-0.27541865039980906
-0.150345299363974
-0.3480442692113508
-0.5125615518161323
-0.3614018444099413
-0.21982618679486338
-0.22172399729101344
0.31777105833142794
0.046726260550750034
-0.23226277420820013
-0.23473581286593392
-0.3371705948766585
-0.22232707352657985
0.1329566545151481
0.12402545553363434
-0.11669713615118088
0.044198084915810565
-0.22925137163546785
-0.18307015982508962
-0.15762905447161962
0.3571787971729594
0.17338818045798887
0.2681852032429754
0.3723471877074227
0.23266904380626946
-0.1972781902860351
-0.05098617179339017
0.09043480311568057
0.1868161164868512
0.09253401333275256
0.26346971551765214
0.38227311045090556
0.2486940375419791
-0.002533155147751987
0.30985764213828887
0.08617050343422832
0.6777929156458506
0.11864441641160421
0.7337611455577483
0.35867393698177275
0.3824816208238823
0.1441752105415061
0.20522593603044983
0.6000650959522729
0.46302699775553474
0.526065520736193
0.19833522252384625
0.2573774806803716
0.7876947414610863
0.3909389344433016
0.5224716815308856
0.5614592718378845
0.7951990728832319
0.7535499271532636
0.09000549109313821
0.2556250842280446
-0.15627285590867188
0.6378009559043121
0.6104456763414173
0.17900440490756686
0.42911897007563393
0.4184865797178557
0.4038527594188274
-0.20117587825660338
-0.7152002737380964
-0.08384948733669073
0.23207690055032767
-0.5374537449267315
-0.5809083152670422
0.3031058363479833
0.292881754507144
-0.5342850779734891
-0.9121018665470849
-0.2069499551549175
-0.24774794659905183
-0.7065025097357923
-0.31974810960842165
0.08863947956571244
0.45071537743300577
-0.67736274696681
-1.087541575678217
-0.3843811751153708
-0.46529816237384375
-0.5984115772738213
-0.6645459185728784
0.14610932189071116
0.0062755433713858255
-0.30379418614717124
-1.003735411697928
-0.7387966917061746
-0.5078096733818529
-0.23311626226254006
-0.3715834912210311
-0.048005604255462665
0.03142388875085427
-0.3074926757969882
-0.8162229122427993
-0.5314178277895558
-0.33232252286726716
-0.16657764076771633
-0.2833537780195803
0.07143103226902504
-0.044891802097130076
-0.3467255994902045
-0.4389636552284204
-0.4509343568799983
-0.0712244014488162
-0.34515622791796635
-0.19107289293821378
-0.40218070077606716
-0.013560155578846102
-0.2581429107726086
-0.2713297675515089
-0.30178980548421674
-0.322071354140715
-0.028041373303900316
-0.2130940752928831
-0.22260655509327404
0.20910062007015398
-0.182304470339993
-0.11943213087404571
-0.10472893124806325
-0.17619697332465478
0.138601752993117
-0.8498412120186952
-0.436486948591589
-0.15617778644678806
0.2586751086743814
-0.005592483887613585
-0.1424175770912534
0.07574319487317842
-0.049109849997127586
-0.2006093829244434
0.1805325849946991
0.3990370506636061
-0.3224300827831431
0.24304854877966076
-0.043599526645503574
0.23600108451434548
-0.08594852876673738
-0.40055847587876586
-0.07080865977850825
-0.07963894525495098
0.33537004711902346
0.02692156492167266
0.05645997258596515
0.1121761820835692
0.03319940971833474
-0.2758552784385565
0.40679139142220466
0.10803080433514817
0.09013828483557629
0.035395187400363244
0.10536340546579111
0.1863989513193545
0.062260542853382596
-0.00749417000220292
0.37682050806508277
0.5069061240379423
0.18847278923500008
-0.006328754044738183
0.014775467804447637
-0.01192093044295507
0.32712604780760013
0.07691559128882944
0.3164097728797494
0.5486182745528442
0.2046805095300535
0.22790310420387788
-0.18427564466397428
-0.049728290427172105
0.0706922324281567
0.19151288606345937
0.5539708019259121
0.4608895085720809
0.639675570654592
0.209009698025288
-0.011375185931166855
-0.7143645316711058
-0.08671028939147181
0.6715163305233307
0.8773978822204347
0.29476465287900555
0.7846667629787187
0.40866242699358546
-0.09332712507564923
-0.6481231955101523
-0.14775634551519
0.6610699475772731
0.26451129558267344
0.3814851031339903
0.3303277800468161
0.16361646872625715
-0.08561148171740353
-0.9811088095935504
0.2153929257485438
0.356758782229818
0.6120242515103158
0.292798262388917
0.24000525034168044
0.0015253569344974968
-0.546958330498857
-0.9655669452051888
-0.04830307274263647
0.14673408278919747
0.8100999687209408
0.37955925627868214
-0.2110284693219746
-0.27889505718685426
-1.0454930364541573
-1.157032663347532
0.05393348389528912
-0.05002990270105485
0.5502126024887756
0.20681614048263952
-0.2990807922848243
-0.051663518094228006
-1.243184319600014
-0.6931190296067885
-0.35030081619143605
0.18038495148603517
0.29959633886160514
0.34394190215668974
-0.20540846487158296
-0.2865782591412024
-2.0107411000333526
-0.4447627999603946
-0.1463943679228328
-0.09961742643687152
0.4932547124764338
-0.10849915771475341
0.18944250059891687
-0.5940895910954905
-2.028585531432106
-1.1919183757557312
-0.15187010040806592
0.15937009021111437
0.033862709996457845
0.38841613949044435
0.18471063653769298
-0.6796298645532086
-1.613901295340765
-1.0918866666200189
-0.6301592959700558
0.1408333689757859
0.22944885275649785
0.11265024679618954
0.019103580033825805
-0.35280698920988374
0.2858595277280717
0.1768272308597314
-0.024168931082331823
-0.13018947205786574
-0.24477565639301127
-0.6100688063663368
0.09884352241075152
0.28031767264461477
0.14925733229865243
0.18369373320605178
-0.20485422375213155
0.08353848512754557
-0.44643791866340515
0.033233260427651005
-0.11859865871360645
0.08110803703163261
0.40933183573898235
0.17184879253584553
0.12479565020943564
-0.2282241379856364
-0.15125197948182814
-0.013363637991436961
0.3920370495556183
0.08438453643425732
0.44430673251310077
0.29575773849486425
0.018442471797631935
0.08348854599285271
-0.31220667666709534
-0.053120397677517514
0.13509355812660065
0.460562627369065
0.239408472895386
0.3257601956539765
0.20938025810673966
0.0153417339311832
0.15439000311509338
-0.14027753819824038
-0.07333265865424177
0.13233967940304706
0.38198485945380567
0.37483333827235266
0.4004570002048648
0.11795261825819542
0.48300908756181515
-0.15139067816840618
0.11150569614840439
0.04502956551348615
-0.004524921621579867
-0.07337784886303152
0.02228676625308098
0.33211796294804335
0.7525695426269712
0.5604693269313925
-0.13595292917498497
-0.4235965175766791
-0.643361272733692
-0.8219256849159042
0.08493538391471003
0.3761174834144367
1.00573665304477
0.6535783841139221
0.0087703803910942
-0.3501633935307372
-1.2484542570008763
-0.7405744017972724
-0.8097960851009084
0.03877497550096798
1.446186584070062
0.6519873362508101
-0.0293619198472695
-0.3487536648875549
-0.5011879629509335
-0.601990736964237
-0.021751345818880195
0.09788245947227922
0.35714998956577865
0.265507935619314
0.2532105704811949
0.031084529295184328
0.12459120137801903
0.023009559159795454
-0.06546613223873617
-0.006005712722707646
0.023445748652962246
0.04126114579178483
-0.12368511094927426
0.12271345522379529
0.16734710022000113
-0.06155956778348691
0.1815285427810028
0.03433430270641577
-0.2874256791605865
0.14553533931837295
-0.14290444386623258
0.11848527558866358
0.3943884424830363
0.008170514615224906
0.1107126771799343
0.06126143937677957
-0.3668433006168684
-0.34712828054505873
0.1352885189919153
0.10429315307551418
0.2940995377528285
0.4372789762532328
0.06578979787035343
-0.05618890332710895
-0.4164044905694854
0.05262764342325199
0.16826374224033624
0.45311196805786674
0.23980035397060853
0.12169316903952465
0.37229767392050606
0.03045876776982727
-0.306366859900232
0.028377680853743766
0.5974322817175972
0.24886503307799046
0.3923324957884627
0.6915493380484564
0.07261867990444205
0.07832263880672055
-0.44572112748732723
0.12762616994907303
0.44157875493115567
0.918299257852116
1.1378938104562895
1.1142707281665034
1.2590022203984472
0.48920251356673883
-0.08436967255882868
0.2601773179802594
0.4372448088346405
0.6931248429903386
0.6029988915727768
0.6285271464864415
0.5110473062154124
0.5252097615412088
0.2932458750095145
0.6506755399767781
0.3132253887295351
0.4880291352771332
0.67582079590627
0.36825427041963144
0.7985642382807084
0.6043750426667708
0.3018685344325763
0.5218403048046125
0.8109618618008143
0.4341027460723679
0.7464583314102636
0.4042108968032231
0.3340572936900992
0.40330870467204155
0.6535498993916825
0.14660300436363044
0.0553518713077715
0.45526453336007083
0.20198356368382017
-0.019022384095024988
0.5436022586045676
0.47159728890166464
0.49580629217804517
0.09558066431323882
0.3657545149585549
0.08915625334596818
0.11721204869699996
0.17269748730306383
0.31646927524377055
0.6013856241982826
0.7387497331707187
-0.13240618555031958
0.08405185308210195
0.4359097210089503
0.26283839453275626
-0.1461435727601099
0.30042299851744303
0.3351004566647935
0.6660042160296191
-0.15737962741782782
0.17594216018598585
0.4734112961998199
0.11978255061936001
0.08992932662191666
0.05800832550955364
0.1776780794473186
0.05702821481239229
0.17074909044459213
0.19767212127600522
0.13069072825319072
0.09422683568909608
-0.025431031249284433
-0.3040030989431643
-0.23610449309147233
-0.10733639755641919
-0.282333669088451
0.21502503082262292
-0.07475673581834792
-0.011964568185567336
-0.0988080813892549
-0.40808876305371594
-0.7345912895997001
-0.788142479257441
-0.08426933160117757
-0.020347016282839553
0.03989390193480887
-0.03987079207994486
-0.2516331380375175
-0.4944982393589089
-1.03507889568805
-0.9394010886250935
-0.3455290243156823
-0.13372876362842379
-0.16662786447771985
-0.41454545027242196
-0.43718260050335134
-0.600306277477786
-0.7757701733627457
-0.8609867481323535
-0.23329725229204665
-0.25721257747061177
-0.504657127176871
-0.23250252454336817
-0.19264619934287497
-0.5659066826518581
-0.4099870588933654
-0.9070936332126659
-0.5570907085685882
-0.5108929325692418
-0.2538234269340519
-0.26395247409900097
-0.2934000290558957
-0.9956251382609159
-0.38100297919118914
-0.5562830021406334
-0.1146476582584544
-0.5869345101751122
-0.31293035027362953
-0.2971535712186296
-0.6275846804282829
-0.11633152959339937
-0.7685777278990684
-0.26611280618339295
-0.3843534011762932
-0.5617991627929169
-0.5337777094914133
-0.5494301582368339
-0.469387688669205
-0.5364729802102246
-1.20024844619461
-0.5033715394328905
-0.06414432460630934
-0.10045575852488851
0.6331900419260226
0.386169556945178
0.3030517045714094
0.36148461297227663
0.378858376185209
0.13778747323863125
0.0643838400889792
0.20200429037155465
0.5480222845411855
0.3401648530095146
0.6111128277485964
0.2586078265099965
0.6212831166154861
0.3004072201305066
0.22456397821937849
0.4856971115887283
0.42959698221195947
0.5462133808331855
0.4108208988010251
0.1571032169956527
0.5472269587625251
0.00391829559444482
0.5020845579224449
0.4013053393445181
0.3830767800138139
0.38776751368049417
0.29716993672499603
0.3680030547021368
0.07014853725312903
-0.05976967855173113
-0.004291465651448848
0.6378246977359973
0.5125316210860379
0.11524647662343368
0.5334727925523357
0.051303164400059297
-0.027553779262239494
-0.6024368290514482
0.22318235978174358
0.2830536877425499
-0.06020287966346433
0.6295054793331715
0.18138868691064877
0.16797791696959494
-0.14875803195484047
-0.22808243562501077
0.0692828913174472
0.06886661700823335
-0.013977041719429775
0.2213417358544213
0.10959766254901368
0.0190049395016652
-0.13646772404665952
0.04959903240000183
-0.5520632418881676
-0.32507118276284647
-0.019692089700354357
-0.11971164546738426
0.33454400584485117
-0.3943544910932083
-0.09366038777124243
0.36035383161366014
-0.5191340299946099
-0.04516641384762044
-0.22830565851446974
-0.1309748593849877
-0.3611410658002921
0.1326305072604066
0.13530787455207438
0.2060623654870546
-0.5434038016705588
-0.3886849493205055
-0.1759172779282923
0.1800691814870332
-0.0863180802893299
0.1612288508435128
0.2505471381759683
0.005361521220935975
-0.1395072381755709
-0.3899941708233974
-0.48538176933156435
-0.09660479960659886
0.10484835168098065
0.11376220551368041
0.17973718228538452
-0.34691120562163646
-0.1977792689195026
-0.12514805572614143
-0.04259986808798296
-0.2345617525036858
-0.10883634063834068
0.022401003260818415
0.15557092680162696
-0.23219442215161326
0.037636525386658994
-0.3644685412149778
-0.10939940347675998
-0.13203302286282678
-0.01662509373063544
-0.14184149551289127
-0.7874396040566957
0.37505770565894536
-0.36268737097284137
-0.22748859001543892
-0.2170856197549131
-0.08262260777312147
-0.37526790282698674
-0.03200919849380239
-0.0646137620743236
0.16560836808258625
-0.24302675248193847
-0.18553418489992451
-0.15827444661256265
-0.05627239770564832
0.08547419400373822
-0.5775498751185973
-0.24868280373413132
0.18763156859851576
-0.16265143653185993
-0.13685185293192842
-0.20470295180204698
-0.14390880864514377
-0.24280757203856643
-0.2867813505460214
-0.19109053425356295
0.020982512784032046
0.6140782880439742
0.09487552486125493
0.013163495876723694
0.4555910838389336
0.7445416202157635
0.47162901102596216
0.44803697717951946
0.597711052158667
0.2233754426806427
-0.08511306481425907
-0.2968945424553837
0.05102395448397733
0.4156528141718633
0.3555576722903453
0.20641405608653568
-0.08127057427124254
0.5702674019126761
0.6358736018647781
-0.0576486595063333
0.06390447101848117
0.32276423941170834
0.22190542236610417
0.23421412118447604
-0.1335074222766318
-0.10884197152455703
0.34091767719378996
0.686058027940718
0.19167696674553397
0.44850181783866155
0.30419573420988955
-0.08999678224387338
-0.011437085075502562
0.39388615231663543
0.07519630351096143
0.14248108102970566
0.3707234968420306
0.41784731236532624
0.3493845540053572
0.08340292429460483
0.3294697490124302
0.43998261414217277
0.4595635964420973
0.148406070752575
0.00555026274625014
-0.0017461219026263615
0.16391884556178848
0.30429666809430866
0.11309983294257393
0.7685090700959069
0.43178530704877055
0.2628172228737714
-0.15374239441199436
-0.20080929319462568
-0.40032566450002194
-0.6489587250300849
0.4310688424047951
0.7061236054252183
0.8302988540659537
0.23660130049092085
0.053488047326609806
-0.558890111421899
-0.38106263244793315
-1.1104400212675307
-0.9781054697066784
0.7128969322947531
0.813484909825927
0.5851631313106669
-0.06537131763789614
0.07994909500864533
-0.7015338639415564
-1.2787802224389897
-1.371912992969238
0.2454472021645453
0.6650457256367699
0.48032295365288247
0.16509902035856766
-0.16025695788750505
-0.34866522390229154
-0.9299896170918561
-1.4801387002102184
0.5668653128294454
0.1500955308976799
0.3169023382287861
0.039624816463472275
0.02805126044694791
-0.15289125597027875
-0.9243542238150961
-1.8940043712032235
0.012836843212675525
0.08314121682108784
-0.16994833641783602
-0.0007749358800481315
-0.016403415644292662
-0.7570426692250343
-0.6070015496442744
-1.7739791121582986
-0.15020021139039963
-0.41450296510795864
-0.23871912165943399
-0.11705032163626417
-0.10167611504724118
-0.45743942575020113
-0.8690462221431808
-0.9101886280238553
-0.22393253625414464
-0.27384537963054
-0.1734310056245769
-0.0905654921423857
-0.14652356160878865
-0.30027648305602866
-1.0586459264250387
-1.017951356924899
-0.42833275845649865
-0.23481271453973504
-0.3336896430932177
-0.3221409275354415
-0.09188144285616479
-0.12841642197289196
-0.4649616559086873
-0.9434832870466405
-0.2293605665471557
-0.4593157277482627
-0.668667351120795
-0.27866396706006746
-0.6669795937385631
-0.06551526961533218
-0.4198587226223366
-1.0384284693148145
-0.5399516386077601
-0.16098951401715833
-0.019165530328516728
0.3190798003185432
0.4617679506955296
0.34016349562822884
0.26926053125161215
0.3362280859474242
0.025499662325116888
0.13126203807046385
-0.0128711687839277
0.17993107053146035
0.06231599802021585
-0.04988604482001462
0.20014437006204144
0.5384261036999114
-0.44873943053796933
-0.09062546985792355
0.1788880284449322
0.2925790358150367
0.10645956776293944
0.11371561185190164
-0.010726512071799546
0.2966108142183321
0.332328287947212
0.1366442473433676
0.19511253301003673
0.13206910848386802
0.19433001913704054
-0.05862474864313318
0.15141739727186393
0.35936068780333497
0.15449295436474864
0.35246648035833145
0.3947913186712036
0.2963653948215492
0.011406851710197325
-0.15605394325811622
0.16103559183950866
0.3255525318032706
0.15281138746232767
0.5590831079994198
0.3006345877918905
-0.045948879535569996
-0.21806208626432427
-0.21046318446242965
-0.9379464310911013
-1.000558181955625
0.42424815784681463
0.3266391845233266
0.22573160847216886
-0.27157564562601816
-0.16430789005526455
-0.37309638175757837
-0.5867509646768083
-1.83599465966763
0.10318434962221426
-0.1940658447709409
0.18172346362839503
0.23203105175065344
-0.4289921815290857
-0.045439640475195484
-0.5370128877697157
0.05772148391457173
-1.1112668103552612
-0.5724646913361209
0.08809693979773506
-0.2687431016646758
0.2059642997441866
0.1773643590784502
0.5048673972020139
0.9211713465922232
-1.5193889276244574
-0.742196609667869
-0.7382863173018264
-0.4179960116918622
-0.2061689019762562
0.2288483838086926
0.7930023988385106
1.0324987993177785
-1.3621835119672079
-0.6828173408836903
-0.6223165974580009
-0.5745661759584515
0.20371855834737643
0.9152707864321277
0.6965445361855106
0.9733262372098384
0.415422893584128
-0.2713823199204191
-0.12888815209261759
0.05057708194518503
0.39808827774660227
0.17173826282716112
0.4766776638007188
1.0749893546452742
0.14604900008156163
0.22655512174296835
0.06300368703350011
0.10711857019840298
0.23754685358299255
0.1475469582767639
0.25138778344179813
0.08013492024062285
0.2630185281156687
0.31478935243586714
0.1330313641735326
0.41749346381410307
-0.3597554696085641
0.2781082230587693
0.004633844800384356
-0.038030698428323094
-0.15723657753417153
0.34673946310046405
0.14425463810642153
0.09832681780493151
0.2539067856898989
-0.33822343792867443
0.08996686868935208
0.13140918668491575
0.9291647411524323
0.06865130752522716
0.3584646601391584
0.3788600110989964
-0.027083391305485174
-0.3508497191250635
-0.34515367657342444
-0.4267973594437918
0.3156202147523701
-0.16120373669269267
-0.30869455752018904
-0.5708103536414665
-0.33570649607939906
0.329592316111694
-0.02048184193030471
0.830667294451544
0.1914527707858865
-0.3035496412437809
-0.03850283828895497
0.32212282057238134
0.2599468542538484
-0.04128609809284188
0.10351097101816395
0.061197310221823266
-0.08556530730472288
-0.2797424499434557
0.27121048778201085
0.35973352987019563
0.3365629909520357
0.10393880521262536
0.2999615669483101
-0.14191493904503127
-0.28148847212973127
0.005364102108332663
-0.008686083358842817
0.29119369737734646
0.42906073023652214
0.25568619233468765
0.022789038400861487
-0.3607343148763513
-0.24209091166768115
0.0786282275266667
0.42608740701636233
0.6169023558840327
-0.13775308950201184
0.34601788885838647
0.3587093801614789
-0.26411704145182546
0.094092772720181
-0.12966271963451528
0.22155458803585307
0.2856753100737455
0.5515831183727684
0.22519364873220254
0.24535272332166425
-0.15199454294557838
-0.21854101491577638
0.23761336562346924
0.09978289593013388
0.2068057582206976
0.08115867273938367
0.1695572029627308
0.4855810233980225
0.32540226834017527
0.002565785197738219
-0.23943783088198958
0.15191486510916244
0.19400987524531613
0.20334011278995284
0.2858450585293327
0.024275161430840835
0.28305106290320725
-0.07137000065177349
0.2826884455874832
0.13153013798651586
0.18727438040082744
0.15988025924290702
0.3238996993539276
0.17664768143356838
-0.015402077391477089
-0.40824694073200457
0.032520749055142954
0.4417407853480959
-0.11596450472794392
0.24882486038120105
0.057051821107823496
-0.0937253281894466
-0.47403956682121556
-0.6139890240105381
-0.182027262280306
-0.2655173429078564
0.049472205447684665
-0.1074995456393062
-0.12027192572075802
-0.18730255614447242
-0.9945210225488345
-0.8089430554339091
-0.4222492297722189
-0.0722817460013119
0.1981965219810096
0.03231585700843206
-0.15621614717070778
-0.24103793119314057
-0.3138233034454057
-0.5890172811807326
-0.2835742760479861
-0.2446354379846287
0.004031680528353548
0.0673130535744252
0.06097471038925055
-0.21226976126186042
0.08634624009149468
-0.9322368706213127
-0.5503597414206225
0.06579806580085258
0.21038631043623032
0.3122607215514557
0.14667722388599072
-0.11426888862192582
0.3167120190679839
-0.5179290995583149
-0.22255025189520125
-0.40532404043607206
0.15459731040830843
0.4414773661425447
-0.03150392891036703
0.15119271550398475
0.5436623229544298
-0.13954678547020444
-0.9633698024679351
-0.5508154989392197
0.20067151081212134
-0.20944649713936306
0.41386287360350954
0.528554456551105
0.6075507584798181
-0.14479437383052385
-0.3389057483837475
-0.6374042384067997
-0.9836694689691352
-0.9958144127688338
-0.35780163327369385
0.14330883133403208
-0.21566252875230082
-0.42072580959136313
-0.18111138981718625
-0.6414540812064385
-0.7985488158832229
-0.9466282161005751
-0.3461686464613215
-0.046624314624407644
-0.381327371967536
-0.14561877773859816
0.055895068362673626
-0.7348124810828169
-0.827049068704451
-0.7124241385055416
-0.2716779423950193
-0.21039287634415121
0.24416985734684712
-0.2519557234319991
-0.10744879773843023
-0.574758563506969
-1.0349388836666655
-0.3353263514794561
-0.4317724703872965
-0.12800534358018129
0.19894508665488064
0.1247096383675846
-0.2580882115166565
-0.5867229851967233
-0.8779187841274323
-0.33442694216454266
-0.07900031138840428
-0.2742742875884251
0.32860272227149584
0.3867382345743118
-0.4399944469284455
-0.40629388759888296
-0.7306538415606442
-0.5003096324273307
0.023654041103465247
-0.030418154575349278
0.950818410706608
0.7538996100514187
-0.06420989482975821
-0.9116729108441769
-0.5745401377004676
0.20469962294125274
0.1016167784983076
0.44640379493988736
0.4847825713934237
0.42062396622869086
0.10703045286047547
-0.5764499772425956
-0.4323180551968422
0.2141422742748366
0.3414297622300988
0.39867310388487626
0.27198200929875077
0.9942267321945777
0.32567858315598724
-0.7581258232298224
-0.04412719670499382
0.3000181956401679
0.7999647590037471
0.35289395654012495
0.35496426930110536
0.808145178605566
-0.04741282264104762
-0.021845525091270707
-0.37113841127273134
0.21274629233649567
0.5102041164519401
0.8325235127772198
0.3419710447158572
-0.12582353053112152
0.2420011401604716
0.33645740130372825
0.13485413213072953
-0.02499779837500969
0.28017492608788064
0.6073269299148802
0.5290469856513803
0.02803875880467437
-0.24761388352788416
0.22180929373072766
-0.15307750207299464
0.3291392611355111
0.23052504468076954
0.5697129059086601
0.23080911324352163
-0.18281332858555763
0.15750397934968594
0.37292436002912777
-0.17349440934913457
0.04955829122584386
0.5925782437442072
0.3194659359315614
0.3038840603228611
0.11197865452546381
0.16954550814820096
-0.12294145646445383
0.42048267489533286
-0.0529062183036939
0.268428565369561
0.6675978668354466
-0.18997947516038316
-0.5741121301380019
0.13556989274192274
0.038465762587992815
-0.015399231043182684
0.2797310085754075
-0.08434450324539523
0.3186302818956465
-0.19044378729998074
0.10108953486683911
-0.12837604876988734
-0.07091696576033095
0.5733537200864981
0.7162326741842153
0.4153346843001676
-0.46232371819243956
-0.08312257618321463
-0.24351912820674065
-0.13435261269587734
-0.6363058120961236
-0.6029912343126764
-0.6735092487852845
-0.20031553832208185
0.4540991696949334
0.40767046699705506
0.2093018823622499
-0.22094501804119504
-0.6836396471296817
-0.5078223376265146
-0.9546547434070813
-0.013479401133881776
-0.1448429369891329
0.49023085989942605
-0.13592238698729975
0.19280696753556953
-0.19537524317100877
-0.932457771282648
-0.7138915198701812
-0.32234898447837435
0.4977101491090497
0.8779298769015238
-0.20384385647660763
-0.30906413737444133
-0.13744400925665526
-1.0386444375805497
-0.4901810974057574
0.010524876325419966
0.4881012569284568
0.5606471432598071
0.31839340099781893
0.08695014004733677
-0.2203003629506974
-1.1387164587631229
-0.4129223727986729
-0.1669145243923575
0.18938690654234897
0.7137108537882904
0.7547308364829776
-0.11349436880808682
-0.35548461800580206
-0.5189625733999527
-0.4593082941952969
0.0670477372006569
0.1599649450501183
0.6463549119970845
0.8045325018838865
0.24615835250683163
-0.34825032815650586
-0.4634272733500176
-0.49856957016684594
-0.2631195089630733
0.4695839823172753
0.3209699092815787
0.45054374602791386
-0.07461500678472725
-0.044665442811132765
-0.3910892203628442
-0.6790157043292434
0.17751944049391766
0.1868208764973387
0.16138671702080434
0.053780695997120855
-0.396874847716338
0.05535985817384097
0.05938691214195459
-0.3177320737047951
-0.26952906183663267
-0.12005541843289726
0.049159701690842494
-0.0634563004144046
0.20317147068722477
-0.09062549382415834
0.27764265026095986
0.09113701154946234
-0.16587421413145795
-0.02903320784048261
-0.3474842761392619
-0.33666917520258793
-0.2318870663240421
0.30367083479498885
0.46852796081179865
0.048506386773831435
0.1683845049194481
0.1294021854938173
-0.24816905777603915
-0.6154534652077815
0.15601976648165553
0.21177137828017703
0.3767730943254172
0.3056330076949119
0.1690684790583829
-0.19150513891459525
-0.21651476766500485
-0.5754409670769484
-0.16584150737189166
0.19719526420971162
0.091067483858401
0.030546744987663958
0.24506659352826216
0.13196003582773133
-0.4523102533008757
0.23224420870418436
-0.286014680406647
0.04239155905896916
0.34991743414711013
0.03768276218655201
0.15155514009716148
0.31543543261883494
-0.4551962049242301
-0.40219573453396457
-0.22494059882775383
0.08766987077660936
0.15339887709787636
0.345716890984607
-0.04770585839121994
0.030632161137220372
0.18484104209580784
-0.6748015000707681
-0.29556682432474846
-0.2463498057155862
0.03713508276860346
0.5752408158922592
-0.26732430457783923
-0.1004039897520047
-0.35186024398214744
-0.08800143763781262
-0.12570602573432216
-0.15091281209939206
-0.19771346940667758
-0.190295287931157
-0.21159342685222363
-0.17759727409008147
-0.24179829682008983
0.051787800262999804
-0.19559328604485646
-0.17630201699803505
-0.17209533878576563
-0.1590962107116914
-0.19731482230986105
-0.19347404706462532
-0.21881638882588442
-0.1185522064222102
-0.33440642750505906
-0.33598407317220746
-0.36905614116996915
-0.32759996292493193
-0.141846310456644
-0.3433817244157141
-0.17775173595979035
0.022645990647019037
-0.596723164266914
-0.26674124853672787
-0.35491459030878897
-0.3652130954517609
-0.5934077678744114
-0.3901481748261272
0.20634465153686296
-0.04902353778813838
-0.875606531172931
-0.3186206099028136
-0.3238317950855891
-1.1300967227626173
-0.6116193203363511
-0.4482532284276178
0.42483214716373885
0.09392742105678606
-0.6837546048039655
-0.6655636321304934
-0.5742617009083284
-0.3538580074609683
-0.9260870693972205
-0.31377917468114386
0.9701954663513054
0.22920302309827378
-0.9052810282496251
-0.4312632563093628
-0.2782777759679836
-0.17720792108528532
-0.7043961630055808
0.12824498761278913
1.6210794322469002
0.5213951062383891
-0.40711040903776635
-0.11445628238175662
0.454518791244924
0.372786306419511
-0.4617068695017346
-0.30430973307926446
1.1605280737203831
0.16532825875701282
0.10999883052234273
0.42888028830495123
0.5485104062786118
0.5473980555550814
0.3608607891747087
0.0432666338313495
0.22569432306192636
0.40509123048396717
-0.031196869877649466
0.49561394890685334
0.7340242363119288
0.22951493203992668
0.2869590635339287
0.02419829430775232
-0.010281111160934053
-0.35350886365604794
0.12332848244327137
0.48766779610403693
0.4505598407509403
-0.0633971526779825
0.193759381341647
0.15936529833500665
-0.12201265074159853
-0.11422567165422012
0.20431821592874008
-0.1727218571224752
-0.13917448284739944
-0.23339510874623173
0.16104971042635652
0.3417933724681514
0.07621000534652989
-0.24753672153964
0.21412485422526448
0.0985899098395991
-0.06287537762723085
-0.014350490489264992
-0.2514307708421951
0.03293847529602903
-0.4768364328788458
-0.14203837613995252
0.27828407769281777
-0.27554643331886447
-0.42573913724762596
-0.37662723482035043
-0.24983954891786292
-0.28205000223451915
-0.5006359563570781
0.1505202653613811
-0.11197396659040362
-0.29776578861180525
-0.2853129013349459
-0.24853292067612848
-0.23356959799975038
-0.21352338569690058
-0.18141458122520343
-0.16247914749758144
-0.16858206645020601
-0.18232509010582817
-0.17243098423556974
-0.1744685674629664
-0.16442913445301313
-0.16809735762115863
-0.0821477946294926
-0.05271009705042461
-0.15272733609184969
-0.25061389925747507
-0.32299126239011
-0.18443873695602755
-0.21951612448562363
-0.10095170820082139
0.031786912112868985
0.39419287649371093
-0.4042520801856892
-0.2743131549055808
-0.07372972623661796
-0.00519650541528797
-0.055607630038270746
-0.08907312916668984
-0.19188893598237022
0.2840559982305383
0.10795970400019615
-0.138930988502361
-0.2378434264789644
0.029923406702104752
0.21432308570432404
-0.06726811190143485
0.20723858501624126
0.42730339558077685
0.38162392914332
0.21173685447459598
0.1425009480048469
-0.2880053663998235
0.25356465671045597
0.4304605584535664
-0.3456701217792016
0.2985898182047245
0.3251922670249298
0.0013894755188685263
0.03744077520523186
0.024618879658783545
0.06843709759396599
0.701559537613806
-0.18938198519900662
0.14447691517547104
0.43570859498652087
0.06987046406889581
-0.01347337190578919
0.28062667171340466
0.014313439643738398
0.05461107411288815
-0.548886775315359
-0.28765496070400415
0.2516958916681918
0.25375443710954243
0.4575382297294169
0.23503117487412223
0.24429561107850228
-0.14633049992872807
-0.8610726374331872
-1.2992503087855272
-0.07982844686008883
0.781848302538631
0.4392919869389475
0.22896924106745983
0.1080117249094533
-0.27032031844914767
-0.33509333624235504
-1.3312844945086182
-0.23623353127693833
0.24151268577990512
0.7345472056995697
0.37164198415801186
0.40607582009544363
-0.05565153673300987
-0.5793156475900075
-0.6390223025147582
-0.057181696118715056
0.21015987034980996
0.3730004406630674
0.37583262018428043
0.281593681544314
0.1330426383049614
-0.15560382883582874
0.3830703706399976
-0.07542799671410769
-0.3064326140259853
-0.16536837081278666
-0.23399039259410911
-0.030193695009296747
-0.11044858498968828
0.4874453734424322
0.26449189032017556
-0.15252404113179013
-0.2912678446021925
-0.6240138588391396
-0.08005313447010792
0.007728458146278171
0.16990520336885157
-0.19661486361779748
0.5875800859311044
-0.12062623006506548
-0.35670214426884406
-0.20743559054967953
-0.649316333999686
-0.35179374800568275
-0.22088797952637085
0.04456290816655774
-0.060314878266782154
-0.05007544395783734
-0.25000694198723994
-0.03157270521761785
-0.4992229564870133
-0.046158700330818994
-0.06589505029502976
0.1529611742660563
-0.2789844002130133
-0.202652850142174
-0.34797671126961427
-0.15376003706285313
-0.28195597063830863
-0.3105607507195043
-0.12680501284276313
0.41322464485830374
-0.17652197057423788
-0.03105748261012865
-0.2656448607333771
-0.1558943523654792
-0.49396135651067835
-0.6474965527010781
-0.09060878237821376
-0.3289555330206869
0.6623802304940715
0.18200332906745978
-0.09467277310034747
-0.24548731528974177
-0.4606397799667921
-0.060844471182371955
0.49296193039144115
0.19850994425857843
0.6465548740148097
0.7563245936597801
0.502247483329683
0.13755817251803112
0.2511827353757574
0.08332664363206525
0.23548547826629732
0.4951532829582011
0.38991612408843535
0.39027818135812803
0.4922239461320843
0.16355864733801428
-0.008990146867401386
0.4255367749115237
0.3578707876511814
0.1750067163638831
0.715338801983255
0.3231785091879997
0.288056061372164
0.8449207895561368
0.5522490801009992
0.3500713133288756
0.08821533458532328
0.5796050298966654
0.37442038430374514
0.44339172197602783
0.3020433549624478
0.3277678661843675
0.5479148991641296
0.7285606171408646
0.5013898452085451
0.16829481833906462
0.46514545312070915
0.09272099652355915
0.6094266620529445
0.21441848412146342
0.46555422828801213
0.5959033785833706
0.5932706999028104
0.3243786540617742
-0.3080962922822056
-0.2698637557085821
0.0661572409425252
0.0474307526312808
0.4818728929712151
0.7772944996856117
0.8406060986453814
0.5896823539070737
-1.2669087363747331
-0.2490431555091819
-0.21572948835514724
0.35319551423069306
0.4052279870039204
0.128167059664391
0.30716324454993016
0.18455935404140322
-1.6126950610454693
-0.840154355516588
-0.36710421804181537
-0.3905731686072019
0.006108009868243658
0.6364290271313937
-0.0912672520991933
0.07068323857217476
-0.8025724602008556
-1.1919404723843652
-0.20422998885255159
-0.06956172815771132
-0.1538480624078165
-0.2355888307137023
0.44510241624336505
0.38044712401182373
0.12434155895485716
-0.11722337257756622
-0.04516090242701487
-0.4968609228803867
-0.43192485853749396
-0.4598676080948118
0.1095097732347899
-0.0355431777961816
0.032663925788298624
-0.25164952964318055
-0.1776995191832605
-0.2357416336711439
-0.030913338185133758
-0.140428970429027
-0.27331148535711647
-0.012599085638531723
0.19989731428659369
0.062188247124197196
-0.39381760936059473
-0.1521455071258947
-0.32388091484058296
-0.3825647913949312
-0.077406165532634
-0.12816462432604167
0.08363602467937975
-0.1312652594121196
0.10404076767662626
-0.17938731605292343
-0.19267177884668402
-0.12537437408433566
-0.20079089231946867
-0.30232525680572836
0.13103532443168733
0.010409856030449511
-0.26797277428183014
0.09462872429963091
0.00219327128667756
-0.40648334103138734
-0.2434854661739449
-0.41735122033219696
0.17476711505789477
0.06645027778309791
0.4679968805554362
0.15937384902470428
0.13579183663539704
-0.19499200659597482
0.060001691076376845
-0.058921144777565666
-0.0655418120244431
0.13731536691536003
-0.12608680057353538
-0.11625326711753002
-0.10203686167841267
-0.60642323823697
-1.0269241793558948
-0.5168363502489958
0.5434180798939409
0.1826009129555009
0.11410912063447623
-0.23811391401036563
-0.08714808383435772
0.2305705493842706
-0.09846715819033577
-0.45400231972805266
-0.17903455497719953
0.19895719153072186
0.16523762533934686
0.12663624519921327
0.2465638819061427
0.11474901340022817
0.07173805244137445
-0.3570792300900561
0.1948034276386242
0.21225824113006028
0.050320817643913156
-0.06679613277415236
0.14362111917247
-0.09259539964649204
-0.017940020698030676
-0.19691550672752087
0.22766114832179032
0.3195751762173319
0.3023993695016718
0.23962683476920948
0.09821277179028244
0.05976226949747488
0.08271446336389163
-0.08494028600243207
0.05414058844869676
0.06004405994150318
-0.12944283925302758
0.17178830223706706
0.018680771669792963
0.26855038686000504
0.19265157657785958
-0.06989823098271682
-0.32037016184272604
-0.16506002440346584
-0.2890168798149994
0.36390259422132065
0.5751073916595765
0.7052180876171203
0.1638863921341659
0.05696913997561079
-0.4215167623784919
-0.166711128583089
0.1591869436615896
0.23026583613923243
0.2857239541398175
0.4755858131022512
0.08239513982192972
-0.18725589121758035
-0.605409323190157
-0.121336500017522
0.3861488993051806
0.18894869772055461
0.0447006240518436
0.05129924247022024
-0.04352101595820997
-0.45134692107986635
-0.7867323922131302
-0.12964341531414916
0.06368606434695143
-0.04646028470040847
0.14324331893056752
-0.1005483094106218
0.014539924554620507
0.1401893743040321
-0.29590864390618876
0.3937075662936734
0.08475046628808797
0.437509016691438
-0.03565103769566071
0.011785762809274831
-0.03573601063445593
0.25682848672993286
-0.3327199697278937
0.0533870008281021
0.25032401640936963
0.11071043967238002
0.1006058955547748
-0.34242087427854845
0.292132097491977
0.2047000149540786
0.18832189557820564
-0.10493731518224472
-0.16044483499882503
-0.02205744727703421
-0.03528914464198302
0.3006992907593774
0.23611644683273594
0.45615160810255273
-0.12285398470449962
-0.0920715447000094
0.087179638105451
0.002562348179721323
0.07345321828369414
0.24443961647299187
0.28833188285167677
-0.060416036542724656
0.17674458563529763
0.023676835901293818
0.02275826469393117
-0.26791323487540647
-0.3409845727114883
-0.13771507433035368
-0.4131698239166624
0.11740994723993611
-0.0959955252760434
-0.06750432230268986
-0.17020214130221725
0.07606440165431053
0.17720799293682557
-0.26755894170917305
-0.48036697499477726
0.45490758611110205
-2.5686965867469547
2.4730160837763444
2.0933593555231846
1.2351886533407908
-2.4980052053337047
1.544738460033015
-1.2014086834411528
-1.3256126351858977
-1.2649305326609976
-0.2857190621186949
1.0486149764297943
3.1604606240155095
-1.5256183178196048
1.0633909763769571
-1.9935091838609305
0.5607850756125913
-0.6682608754769325
1.8040217727430232
-0.89396466270688
3.2056938356491753
-1.8956190413852425
-0.8466448550167448
-0.970766694246026
2.5697776376705765
-1.0716373077747026
-0.8652610396071496
-1.6019508087244179
1.4031068308074588
-0.8415693020919928
-0.605792352028829
-1.8040813433431366
-0.5424897213967876
-0.6600918258076751
-0.7588177412903933
1.28537478245277
-0.20481943450736476
-0.8203535093665609
2.679802215436128
-0.6646532852789306
-1.2950461757360918
0.3743891157765585
-0.6312143051544484
-0.3285646285961061
1.3803244675175526
-0.5233060694834274
-0.8237169123483402
0.6029666968828792
-0.3986771859771265
-0.4989291646605146
-0.19271954266609215
-0.4476832082129543
-0.4762080736827028
1.474988044418609
-0.6225103161737975
1.8752729018992973
-0.723074851704945
0.2463271737685151
-0.4596813624031699
-0.5583871975423547
2.0875170099876135
1.4249950250449945
-0.13200777526388993
1.96522535758965
2.279079424414139
-0.8361878348068826
-1.5524508321244237
1.491172298721283
-0.5836797403663481
-0.37634708518857257
-0.8983658526078631
-0.5224721266053611
2.997502472203558
-1.371068789271392
-0.462510138092514
-0.3481792932309519
-0.3717242392416234
-0.47062968215906936
-0.3725428761752548
-1.7010626826800659
-0.7494011527751745
-0.7811068646073167
1.502130900700771
-0.3996831074255892
-0.5811424892177547
1.171326216084356
-0.5970280194027383
1.726918902052722
-0.19000940163850705
-0.9187422713274527
-0.8588444099554301
-0.687433249978172
-1.4964326898297113
0.607109817636383
-0.9473686590989839
-0.5589890262315619
-1.2152686427358386
-0.6423005154982914
-0.6712067287496335
0.04571480184855955
-0.6551493199847626
-0.4054141475851094
-0.27906753610259327
-0.7972792942664527
-0.4729499804830129
-1.338609000022675
-1.5348680400060946
1.367756122270128
1.9456735532214278
-1.4686254765914666
-1.2722859778161577
-1.501747721985497
-1.427937427217622
-1.5610833011031766
1.8698588313233067
0.49227771703471374
0.26233127121703786
0.4227650091917631
0.551482781529912
-0.884241093126427
-1.683259914538533
0.8300872983047568
1.529095210346953
2.0601491668870175
1.6335389506552613
-2.451386912404448
1.097456625319193
-1.1847603680943304
2.419660294078187
-1.3201311991321893
-0.9841591198094874
-1.441838297896181
-0.4607662678009474
-0.672072456634653
-0.6373722665330128
0.6893612139002301
2.4292803681887736
-0.5402124520533207
-0.6109513927765391
2.8086036125904728
-0.14259338727406604
-0.4742320627376059
-0.6584727675213262
-0.5347295333491229
-1.101031417103046
1.3849655251714943
-0.7934402500991001
-0.41582719786677497
-0.8210677707890838
-0.3398088531269133
-0.4266289762125084
1.3111701136972387
-0.24270419065148158
-0.27624745938547784
-0.14390733563021452
-0.3930029010166532
-0.22835322328196217
-2.145120152629598
-0.9250765589158132
-1.2215599734536955
-0.9481174840736518
-1.0087124949897226
-1.1574702429266233
0.9839023774292056
1.1035587290950872
0.5979627244700051
-0.26431525711682363
-1.2367513305469402
0.6335431282338708
-1.4924383450489338
-1.9803135978667992
-0.3559108190691675
-1.1925306738061117
-0.7808929087823453
0.5233535095933219
-0.8114838338804289
-1.1221769726673956
-2.440490679815666
-0.9070965873838438
-0.9920756910675185
-0.5225085976570817
-1.0525788754106484
-0.8241310180909484
0.9243864901033186
-0.6132861876161345
-0.6220393504241943
-0.4840453353192372
0.1494126496640625
-0.4897668630059739
-0.7519950481926773
-0.3422664975706241
1.7335103334454696
-0.06340961447016705
-0.5065554119890842
-0.5436211879682463
-0.7955891163823323
-1.2728526721597666
0.46007883274417816
-0.5964799887909853
-0.25395730754194884
-0.6393726257539832
-0.4770587098248943
2.415441108395978
-0.9434957855053997
-0.2528989795087177
-0.21532004392234044
-0.147382515619633
2.506817176051379
-0.34309124031604016
2.248057113333028
-0.23129224568731058
3.9418375325220256
2.930039356388022
0.862395293319661
3.7310449874429503
2.1558767189624284
-0.27670653918701865
2.620946624272614
-0.05340458646562648
-0.38454327900039
3.8371780105603865
-0.36035178496375286
4.081798167619298
2.312644702231301
-0.5085596434919575
-0.162827711509286
-0.6032672080367788
4.235677001158363
3.380841568360843
-0.8307840390483852
3.014308279028992
-0.2079464820400809
-0.11953791878203156
-0.35642067068660055
5.143283305551509
-0.33366061404200553
-0.0688362744011572
-0.17439612169749458
-0.10008398207192211
1.678934715667472
-0.03774800855471493
-0.12418042940623517
-0.05408196334385979
-0.09647735049284895
-0.010525946492181368
-0.07720154293346264
-0.15747354133096378
-0.06046473916775785
-0.35630401379739046
-0.21879787957305336
-0.07577645130696109
-0.02141128389832043
-0.16300895865747977
-0.07676846055357621
-0.06520130315997229
2.6014896962362863
-0.1548861422809025
-0.030414696856797267
-0.008445677853851872
-0.03765932228996474
-0.030215416196020622
0.5527303692732451
-0.6255815757007883
-0.6916870261188904
-0.48035008222897607
0.9783582219073103
-0.44061824065711186
-0.46431680736350794
-0.5401939973300238
2.711056150290801
-0.06459931317806926
-0.7810386200986784
-0.815835034396994
-0.72669100106545
0.5763553303353508
-1.1777378373405134
-0.581848288236374
-0.2230721211866998
-0.8078887179047597
-0.42900779409530365
-0.47671882374093355
-0.8423264085531842
-0.3153088635305611
-0.3019712458270069
-0.2334960581437261
-0.3505470416009105
-0.33582728896609454
1.4863697103440905
-0.35118646616009147
2.6363976695770295
-0.5758589133700377
2.370819739928
-0.34117419872652804
-0.6073376362301013
-0.36361858698273297
4.323108543645897
-0.047794794453673885
-0.4202601959339862
3.2017622135076698
-0.5021165513643845
1.2100281570156322
1.8704392868102753
-0.45489100511984026
-0.259257125841162
-0.5619598589777944
-0.45167291672425175
-0.365686541711317
-0.8394610824138405
-0.21784780509384963
-0.25582463557006146
-0.13150037839548612
5.111246234238567
-0.32024851919416863
0.5036724856636609
1.522562627647211
-0.8349840649258485
-0.7946011260598254
0.04019187892549155
1.4040876194470215
-0.701740023218061
-0.6826774504955057
0.7549973338571629
-0.1714944751143825
-0.8540018700246922
-0.7166729695779969
0.6794594934799996
-1.6259617167544702
-1.6462703613734202
2.409521160382598
-0.35705316027932305
-1.260316542843706
-0.5513208024270955
-0.57327318305512
-1.334461682830812
-0.42993291848264015
-0.5742842346186228
-0.2248771525283219
-0.5861555680400133
-0.5965478178086311
-0.646455757165164
-1.1265309150963214
1.978321462360577
2.097108908412095
0.14194328925871588
-0.8282953175296747
3.3493499045619837
-1.0607123588610845
2.3550335608586592
-0.3772146668519055
-1.2197096033322334
-0.9901215361043229
-1.3703912046803273
0.1558610220877007
0.3938221785769355
-1.5133966891535846
1.8357435759590415
-1.3547177523536653
2.7953039937902657
3.251754489967348
0.4490936378903167
1.6506078412075682
1.460919034804922
-0.39912815396550505
-1.461048915580966
-0.7315640641411971
-0.6475517755529012
0.9975933262456758
-1.248519778363317
-1.1307392207656757
-2.5120274582918527
-0.8885633930692599
1.2289472079796397
-1.1592101010799085
0.7988818680340718
2.2529304846414413
0.9658459989183155
1.3559761717741174
1.3027119269574599
1.3907712453624814
-0.5741258419270429
0.5804696623622244
-0.5153143886858305
2.0132040342182362
-0.8653668586238739
-0.8624954901730467
0.8014368403370027
1.6675126334130148
2.00458242775129
-0.33720904238096033
-0.873970264932022
-0.7340020978653357
0.32848003199607434
-0.6230732021543027
-1.03810381309357
-0.5849954883461967
-0.19977686270209752
-0.6829379056907467
-0.7642089297927933
2.750185337019907
-0.8692535758325273
-0.16991734133883132
-0.7272283611167548
1.5564396288543765
-0.9437067322253672
-1.7893164223307907
0.38746135835914164
0.9874818033034456
-0.3379951362922891
2.1953777266378194
-0.4033916712364088
-0.7353652536340028
-1.2024280089344446
-0.38384395833966384
-0.28091268498198285
-0.25528910060849264
-0.3778728973338067
-0.40056539574884914
-0.6300151887014596
-0.09520636961992283
-0.1685689250851345
-0.20712672101542298
-0.7266108413481748
-0.149591664996866
-0.19912245967975026
-0.12941150797413675
-0.2715277900033159
-0.01840738641432842
-0.17792283086045654
-0.1941786084355748
-0.24897304425486358
-0.46900366015154565
-0.6306766619636905
-0.3066032727471317
-0.12696194606914485
-0.34590559025521544
-0.1347696259497941
-0.10619373355552883
3.8865124078663493
-0.14510534741359973
-0.08397913479103435
-0.04621369680063295
-0.11865914994319572
-0.08897230466215247
1.9155502829141413
2.1602169174308536
-0.9374879587787969
-0.5681764184785295
-0.16867523544305835
-0.5659880736528153
-0.4880403628417529
-0.9721476528910373
3.452147212393121
-0.1014584886214229
1.845141486976314
-0.6889034961668887
1.748326185119409
0.5537721298178501
1.8472565295074257
-0.9153593704761158
-0.3606766384970083
1.4003992972249215
-0.45896468584784017
2.2846585403934974
-1.0764798739052348
-0.32617398506622586
-0.4530579563021834
-0.1890144498938042
-0.31610629774590554
-0.39123037985768766
-1.5590855329509998
-0.6362242133509166
-0.5964154825836387
-0.5832166618453434
-0.2810810638100044
1.6816532946293963
-1.089946767995209
1.964133292676679
-0.870637712164187
-0.12495067508564701
-0.7851656598446816
1.7401715738587569
-0.7745969136395039
-1.4022352644493434
-1.4196862119685414
-1.2188154972894252
2.297858684704629
-1.2262932411285135
1.9268282698709869
2.6207513567526526
-1.6171599573652955
-0.5456481035943885
-0.37377381069981586
-0.263088338909763
-0.7272070416552058
-0.46351328965284333
0.8522857959794439
-0.4601070173552757
-0.6498283929186326
-0.6880880785342776
1.6765904479648102
2.1725550173240036
-0.7157658449975692
2.02522860751934
3.8725467290994264
-0.1112697790207292
-0.674030063229151
-0.690651742385638
-0.7605286830719346
-1.2592628791167382
-1.1842102222697781
-0.6452343379835738
-0.5100322304776468
1.5831608530981203
-0.40264903369507493
1.9815992453398177
-1.1707145742284442
-0.39234259239770247
-0.34428507908766137
-0.2287950847883129
2.678412148273428
-0.3288366070806674
-0.5477896658348166
-1.1513973964496083
-1.2672713235123576
-0.8360253185044303
-0.9197823506841765
1.7774068135493355
1.554324079526016
-0.8952942717409623
1.353957771100081
-0.21251401516117618
-0.9947964618085923
2.7734551724826964
0.726028102344531
1.2118236590723017
-1.845273261548413
-1.0255813552434023
-0.4717422710746164
1.6048747975990696
2.675676896816781
-0.7604671823240786
-1.8084521133683298
1.2581906904770743
-0.8219318985716115
-0.2776531218404094
-0.7424579984286019
2.6577544530258597
-0.92608313369754
-0.1979369128625767
-0.2665335689217588
-0.19324402380026393
2.5093444122391833
-0.23124540635316893
-0.26070849600311985
-0.23704241633063594
2.634289145641935
-0.022830252363624078
-0.4144056059969997
-0.24760509074778816
-0.43993306250187997
-0.7207584700453844
-0.8240714013711132
-0.32221702436316846
-0.14304397938998548
-0.3178901779933521
-0.16277126767942882
-0.16649344590411
1.7923935623846023
3.92904086697998
-0.12416024494027685
-0.07499106527797994
-0.2306299452842278
-0.13955074184934688
0.9033844125649486
-0.3434113218531884
-0.3640910349119255
-0.24748657958781894
-1.1884432252241863
-0.2808552278998225
-0.36955981307037833
-0.21095138453949663
-0.43520814913240835
-0.047004762621685826
-0.3143881988959294
2.4770976070021344
-0.852950874878776
-1.1032668703564503
1.3322371627329985
-0.43217139740775196
-0.13130188365567358
-0.4072177958458982
-0.32250801774502197
-0.2775307717352689
-0.8417548454404707
-0.18038644882888508
-0.25051570538895557
-0.06190925991888734
-0.1979568677242612
-0.2947667291773111
-0.9277725156278123
-0.2729901089087945
-0.2625301822640392
-0.3398719032474202
-1.0915816227167594
-0.3030422433553497
-0.29978277799035613
-0.3145431689367014
2.881579251145109
-0.09206682094096494
-0.35396655495598833
-0.43760311447489314
-0.5226201956819617
-0.9166902006147212
-0.7010518784445755
2.4133670442800415
-0.1841274300637943
-0.43508680497824187
-0.21439118743885452
-0.3218995378871805
-0.6106753951308712
-0.26524096537603586
-0.15176479318917746
-0.13355851034093177
-0.28101187051101323
-0.21556009364287548
-1.689737706850682
-0.596295050169242
-0.5110365669153518
-0.7751121684069273
-1.9550009180785446
-0.9016914182194553
-0.9146353774963479
-1.00659862436636
-1.0512220247986692
-0.11261065656894446
-0.7839926934321684
1.9351546803946178
0.9712992515193731
-1.4587586328843556
-1.7866575745515163
-1.2922291996353135
-0.564867310711932
-0.979448007897727
-0.4946135171934206
-0.6478975971978882
-1.2833920785397417
-0.38525847629873206
-0.41770340096230507
-0.3419367919191919
-0.9458304178585054
-0.5213644774672535
0.6038789785880581
-0.41808632847795185
-0.5878847011273282
-0.7185295588284776
0.16679829347076375
-0.423431189001563
-0.7846129649893414
-0.550009455227098
2.6325551838162204
-0.11060687430540132
-0.6392490293266562
2.1561237899584818
-0.6655096131920145
-1.2093438765020061
-0.9083074543242242
-0.6799607653420592
-0.38157407484417266
-0.688881816367172
-0.356721218555807
-0.5879117560291176
-0.8929941487132643
-0.2586707334850611
-0.2805835910093452
-0.27995997485074586
-0.7640395139009452
4.095057141642
