4.096108985611707 2.1868968785955216 -1.5110372837879564 -6.3239509049889735 -8.653055907755903 -10.945534052008336 -6.965220330296974 -4.266367034867829 4.632028592684249 -2.4814813821243558 -5.31236824796951 2.0030972028313094 -0.20934983537955598 -8.434534361298207 -5.291575873758613 -2.710422299335939 1.0839899506341204 -4.220848310894171 -7.035314002495366 -1.7221663898946442 -1.0622276640682455 -4.390373767330445 -7.305050064265989 -5.923902569037625 3.8269738924125574 -0.5870223333196438 -2.7492223435047283 -6.549482126905029 -2.3122966870637347 -0.012784473952995978 -0.39351165424669193 -4.10474295210526 -1.5858154475370316 0.6680369557694263 -1.7637115666154575 -8.300641760521538 -9.79650653131097 -11.055282563017073 -6.319567576806307 -5.8068522947414785 -3.6599203199539847 -4.249279815057397 -2.0605927437957416 -4.292272938033786 -5.501996823211724 -6.725965369010237 -9.397931618001198 -4.881383502316642 -8.33087448498543 -2.797353365636385 -1.969108504374253 3.8690910977996653 -2.2443877656954454 -6.81175280909671 -2.6228136127086756 -7.554976228050934 -6.144032095144616 5.465747667748555 -2.492369984400454 5.7840520946756 -3.9481891385549077 -8.021332371003025 -0.5211191442561297 -1.9461986071387944 -5.538770139518203 5.742885628445463 3.9412440366485297 4.966419000710476 -2.1052907101740046 3.6982289773763943 3.234911003833658 4.19666224180664 -0.14251946276177052 -2.3956433007420137 8.137929932764946 0.4713715970268572 1.9572995618304183 -2.1508572576451233 6.883167967890179 10.637846685940444 -0.5808153606061388 -4.7008331007504225 13.453301103381394 4.521359544611944 2.9868834603115086 -0.2024844607147962 7.764889859005789 12.25272296494423 2.516635062540168 1.157847725732781 5.879154127024082 4.793253220446375 0.8311662631521661 -1.3565841303117203 15.775127307664238 14.23098462001956 4.094985312747096 3.928108519299741 3.994938316118971 9.777464285118217 2.168084693992806 7.6877378186818675 3.3117726310578304 8.408430418724542 -0.13823605675365924 4.6735967429714655 4.378823476969585 5.93921247801561 0.9205273218410999 5.136225009105871 5.273252804368592 10.055985689221167 4.589582880778805 2.3409512644149837 10.368816281569135 1.3524824798277817 6.1127056345656 5.393791344110707 6.660103852384315 1.3235970242682153 4.2847741645754125 8.040859324886764 15.478955935427383 7.419784408847349 11.66791695020505 5.844956386408299 0.750605816076589 -4.688700208339558
-4.425260138575143 -0.3008106871770965 -0.40878762374873845 -1.5172288270049459 0.3591308112891631 3.9477082771606424 3.961316470646563 1.1594975686888942 -6.927876348023084 -1.1223210672096005 -4.282182202498502 -2.742612259087114 -3.5096916980491786 3.643756333275463 0.8460126136885823 -6.804797047332471 -7.181039636459241 -0.8266762901007425 -0.7812778921648598 1.9245893860866308 2.518004092774224 5.2539900877693215 5.0605779742436 -2.457978397326541 -9.990119712310193 -1.9790838938385598 -5.217681386180791 -0.093687829697286 5.376588350975789 -0.998561757502586 -1.5071758677796356 -4.763632492800614 -5.588165327898857 -6.3063256396051806 7.666472932143839 1.775375384046903 -0.455102708326371 -2.6230795589044296 -0.21446549362272105 -1.1087875274654846 -3.132801195713189 2.759019767057617 5.921616603775905 9.928327846647742 3.856953915391728 -2.863271228910524 -6.013965752139083 -4.261087275716559 -0.14078909742123713 2.6239084309383336 10.138199491525995 1.3850887202234694 -7.1892338990424935 -11.021599481948712 -10.860113080956804 -13.877821181108127 9.87553012662352 1.2643281826373358 -7.743080663639194 -13.987554726940383 -10.602527865512373 -7.078608649482519 -8.863740549104657 -16.45795990294627 15.608361714852785 -3.44746272276112 -13.012847248182442 -13.163395629911681 -11.566926177453905 -9.087029235214825 -10.575143625325794 -0.6717039605721168 23.502699565429765 9.791918144104166 -7.249585772361971 -8.34973296318772 -7.902230239576374 -10.231288524244322 5.090830072759507 6.497443917119892 11.19983844942376 1.4593847344341848 5.07238161137233 3.8699326234418816 3.293486170617823 4.126556818201678 -0.10611783269238195 -4.546747641728228 4.108074352770663 -1.0231415275947584 -2.6771249861591335 2.554565534032165 5.022148769657156 2.0459589588847953 -0.9537841559401433 -1.3937380727711441 -3.802233151018112 -0.4149563647768595 7.645992769822663 0.7181736508807621 1.9158181948618318 6.390557976278348 4.612559231305382 4.073689100887844 -3.987064471437865 -9.768009708777496 2.000581975973228 1.9020170805023602 2.6857004558728796 8.5109813750595 -1.1847554528111406 -2.309921818545995 -1.4861122330386063 0.9134879616178112 7.719723859352519 10.265560972126844 3.7281684549304925 5.5887015030981395 -0.8299883552726528 -2.02347754297069 -2.7299811826718305 -3.1343524759932 1.0081720659640507 2.7843650399966196 5.139096979782241 7.640182693722726 2.295366895757697 -3.399400624912737
1.608144365842349 -1.9301510153460177 -2.7693912205314346 -7.172367246824519 -8.780541341912809 -7.218745294189049 -5.810061704470745 0.9795790829873211 3.0673331486451554 -5.263763931931826 0.7013425940826988 2.0061057399428366 1.784685850740828 -0.16516996500104497 -9.016200082908766 -2.499048683527205 -1.333387313743733 -2.734273609566433 5.08978254434018 2.77217971518506 4.194332853610667 -3.3878141585846815 -11.587327962955362 0.3875135419345191 -5.1260588792006505 -3.2510260356487404 -3.9146722078778273 -4.976321451514137 1.0851154110474384 -0.20005757946644492 -9.988056146042242 2.5200466615703743 -5.99005654998905 -4.4317918984324995 -3.6705280929937385 -3.958620229775045 -4.371607151278704 3.3851649695977004 1.1228093700467006 -1.7491404527094752 -11.691178081398748 -8.416190825729899 -4.84605906577602 -0.3450216123628367 0.8133642068735476 0.00957964133234035 -1.2171315669943101 -0.7110019049482817 -10.993189733616207 -8.152607188415937 -2.156575476222855 -2.363817889376407 2.707898446629186 -1.7799200471431345 2.341538251317252 3.9363303217994154 -10.28555080583723 -10.39259765534264 -4.165554266010892 -1.961990362742043 9.236745026539527 3.516789238418108 2.801457470596847 7.538692101158675 -6.170445140520157 -1.5495187233424055 10.660447227970309 3.2231870197020895 7.320320969693706 -0.25374054450120553 5.082186138289531 -0.4045742464458473 2.943827284215435 3.9293560430188927 2.2159240279296943 2.7705106568403894 8.25840124459748 4.798964325874233 6.606510327164627 0.6640070764716157 4.869867261338804 -0.9685528892216737 -10.545603128466556 1.2782343152590734 6.718903292568626 11.369502139555236 3.054817957078042 4.853096377689317 6.314229647670531 3.283176752902575 0.6536241469358078 0.4026239999560576 4.500688025119026 13.559437225416069 -3.6302026309760156 1.1101033629596673 9.187584733200552 3.379922686109573 2.0734323042199914 -6.4105163148930115 2.57240080462956 11.084272299774334 6.028863073898128 7.370864667036129 11.390723856227101 10.252404170210909 5.672996072223236 6.366736467391854 9.664540953415091 10.932450128498425 -1.2795107349841426 1.9544443914387912 7.174271765933074 6.909561671891729 5.93290299652945 11.054711448697473 5.605165979081439 3.8336852190114246 5.8079661036323635 3.1883409415979367 8.594418094864485 12.717453074490447 13.440279872812305 3.659973667324074 -6.774784576224105 -9.105500856154311 5.990392857998536 5.925152300885726
-7.03877708732888 -4.513245084483164 -4.868625033279647 -7.650484736728495 -2.430225629606786 -11.959865407690328 -5.2189033623448795 -2.201464283875757 -9.580542002309777 -5.8766066792953 -3.786853593115734 0.6629551164474234 1.181154909071322 -9.508930857936061 -2.517159900870468 4.077333118208534 -13.741415250818816 0.41788138109676676 1.5510833021871893 2.6414725597862394 7.939455361657346 7.045177242770611 -1.4197307685608975 14.764852714580963 -13.007181522140172 9.384665262519107 0.5388261712858802 2.0128428079500726 5.742394295656442 -2.405083919926524 -11.480928222261358 8.62555354721392 -4.123704482307368 1.7430038802467844 -2.822335803736655 8.928001562775313 -0.5762321791363654 0.4461083580107106 -2.4305249292854594 16.830710427837793 1.3183098669570352 -0.05937364345713125 6.7199903331364155 2.1444937631947707 -6.854992912546488 -7.035215060831396 -0.319123066070518 4.3298462840730325 7.867390906003029 10.072725563474581 7.152279011343339 -2.184121200442994 11.115946684809002 -0.6820194630765557 2.913398197913735 -0.8110620755304025 9.817013618394153 6.00801564841067 7.641545263296506 -1.2798419083362491 4.352579095650089 -1.0681009942583106 4.023904463806468 -8.680683398245655 14.638860889424537 8.588312953157484 8.663540391766604 -1.856116472145582 -10.222511719586866 3.1810323660211868 -7.922630554844126 -19.058897780599718 9.582252125574719 2.5197811864797677 -11.38171337851881 -16.683828326181636 -6.569141023825065 -7.594009006256646 -21.03419065880943 -17.13833213813328 4.0711893981931 1.9963091541905589 6.200137993279441 5.09650400821997 1.9003401720471969 -5.630922508036863 -2.786437562308008 -3.9460017480177454 -4.567364148542487 -1.3348719099538777 5.716824850538002 -3.670544697954388 -1.0451129339629124 2.0148996409719446 3.746297444451437 -0.8345762423467322 -7.362308394634011 -0.17089547514367442 1.4260360029182153 2.343059904201183 8.901187606005797 0.02716918059019724 -5.763650389124698 -12.400195974654421 -6.349665299801479 0.5997091223837563 -7.853790025955947 5.264109866695993 7.425961270301454 -2.1876409811370463 7.4549332106779636 -6.3891611526137995 -2.6724897243188486 -0.6036313945516497 -2.559407523737432 -4.579160277939186 -2.7899508643896547 6.7868660000274925 4.7842094760629745 3.8240737976407804 -1.6690515194984274 -4.025843017218081 -2.6609234315558252 1.5073609831191783 -5.179774635681466 7.067689281799957 0.37370008018295153 0.6700011094858462
-1.0772061149556589 8.917256297560456 1.3447359580547804 -1.7193412890157325 2.806504780842892 16.889343123263593 14.513304314570062 9.853191757551642 2.913900459698305 5.114326573743053 -1.75065752768875 -1.3664389224688973 2.8835014796893823 4.384914441571415 13.858919566239756 13.011410887092586 2.3996638249851383 0.2264732433822828 -2.5339221057864068 4.861851849143403 4.128251467347515 3.6152561974202064 9.982741540964376 3.427806999554366 0.22039299633952303 2.0216312738441706 3.4150999177963755 6.485016430416722 -1.8814803944018768 6.43078046003899 3.8834777125827262 -0.7682193257103574 -1.9558171626152019 0.02946434357056893 4.479864402881861 0.4846390377480573 -0.02259595648426571 2.627402657021097 -0.3290050735630232 -0.2939988357888518 -2.494594364561117 -3.665496697548651 -3.1328754986591947 -3.1087853735560516 -2.081637734066078 -9.42438973501359 -7.6747939389942115 -4.445226632435203 -0.22226767726628893 -4.681848994781326 6.697098875196673 -2.536909341352003 -3.7230497555795017 -6.592083688645264 -9.525855241334527 -8.762591240005047 2.93447576836192 -2.486697538602328 7.101447295871104 10.326383488146753 -1.798060277582405 1.2831550474606417 -5.0788780367312905 -5.491433639832384 9.095154934605961 2.334862451011742 5.801261624166033 4.9164837195946935 -0.4817995511762114 -0.5881142672700859 6.928976297411432 -2.0047199218928844 2.7520180416490745 7.033755208590796 4.247443247388152 8.883879737173398 4.063434326547812 3.5092359067183003 -0.8813727753148287 -1.3010454104348597 2.933576643850686 -2.1366285803994876 6.453011251950955 6.328821600133008 -0.8423987089707756 3.9082712583820127 -4.087576536001153 -2.19434487977689 -1.9380921665337176 -1.8568841740403998 3.4118548240355375 4.731309911100714 -1.1239055336002823 4.60410443396033 -0.6496851276132957 -3.9823325000585905 -3.267732466315601 -0.5367175022525661 -1.007708917416334 6.504413345506729 -0.4389350017950371 -0.9847497105998423 -6.447018451332327 -2.070449997712065 0.8303441218719696 -5.085963661140139 -6.3390720731189045 0.4545990361745451 -1.2212001946598066 -2.46499031511314 -0.7089089191550817 -1.282224214295778 -0.10570191504252932 -2.6669550783568168 -5.8808441001735225 3.6471211918650903 -2.763311722116014 -2.6417201362415335 1.7072572050560155 -2.590945423007766 -3.212597602646661 -1.7348235950358382 -3.026019697223881 -2.7884481173367126 -7.686375260623467 -8.177429130369372 0.6512057467277187 0.07145860922103989
-10.557645193107016 -4.052607564295249 4.155764617589393 6.312792637244822 16.392152930114598 13.151027023138328 0.9240642884404482 3.9058286880969852 -5.505465858997724 0.818972928470314 5.882431506082279 2.1510726511012894 -1.9902380564455022 0.078634458524665 8.261328445912678 9.933890910540738 -0.6762120971567267 -1.080744493792655 3.5566088896202093 1.4920652437703055 4.7481385054880185 3.4593600565788916 8.164535751729193 2.93032201350868 3.2482744723525374 4.29639092049942 5.47432581171895 15.335618990720555 8.379138758626752 2.310259026397254 -0.058195332467384286 2.127133228476678 -0.8348135241844821 4.548631426083224 6.057812408791751 12.4886142515095 6.512868772971492 8.142381335836838 -0.5986766807437083 -0.838592301303001 -3.2501600073747468 -5.8746725842558245 -1.9163803543032971 8.346246078959613 6.425946425334021 10.207035856402321 11.267922420970182 0.5007574633886589 -6.03229608898823 -5.5819427552725065 -3.247815227526675 5.031065061516134 13.342928867851397 -0.5935216089379467 9.69226295821124 2.587896077930255 -11.06812709136079 -0.42858718820486175 -4.50947003544478 3.2545341139420882 1.9108700427885776 1.0043652416270845 11.44865812660657 5.995441848883157 -29.563773325244213 -8.476485362010452 -10.009577448584933 -2.4468155127978317 -3.930016378223302 -3.6802837893124973 6.594979424088094 9.665031514425602 -21.556462706380156 -1.968419588870107 4.116453212052095 -0.2982486784910233 -9.302360500665735 -11.759987764989637 2.9224963016790966 8.683045946153474 -11.698808785559212 -11.245322420572926 -16.363865854391616 -13.417362429846829 -6.743791440308362 -12.912436417230984 3.038030832261973 17.51137414774343 -1.3778558919593737 3.022533936382933 -12.811383350788889 -9.365151540076575 -13.29689783606809 0.06444980882776985 2.392795054874746 7.086460080969157 2.6162720317837533 4.683009447830178 5.075759335993054 -2.5592587963265245 -9.223815440133684 -7.408787751548412 4.860689968413489 -0.7696471496765129 4.212845757858179 -0.3473386326143133 -2.228283259018971 1.6745229241802897 11.555413495242775 4.068516569165753 11.848808517663876 1.6887198522625468 -3.481148809960164 11.970587365182793 2.673015456095702 3.209580056984692 9.58312830997665 -4.989770080254541 -7.798654059622686 -1.9270978142174509 -1.2657431241037966 10.08003878843275 7.800381741922745 6.8327040191489266 8.474559572820038 3.7606405627967376 -7.8638313464045915 1.117720636544385
5.001201495776337 -1.6114190847609218 -2.9160519349585803 -2.174915386583527 -1.9730098069168176 -2.982238729006757 -2.0504505644359963 1.216366369461592 6.63609500934905 -3.795082758816907 -0.24126724285413875 2.1077428238593487 1.3315105863205157 2.5489032814511745 -4.479599391536148 -4.1809405003092435 5.557054318966946 -0.3346298137127372 -0.29434961873429 2.5322876923846325 2.3971222493467863 -0.7379803890316708 -3.7426579105111837 -3.3094148770803415 6.804975988616157 -4.72646102255624 1.1222541263196903 -1.2734182646828653 -0.5931355480365869 -1.9714625686409708 -1.669249109488819 -4.583109314533972 5.671450517022347 -4.252897460444643 -0.7414677089727809 -5.923420643474685 -5.57964554256377 -2.785984508906898 -1.9173737379401716 -6.323995961075257 1.6539402199074467 1.8560598501020351 1.000289621271037 -2.1859746496531813 -2.2266182830213883 -3.3423664183439725 -3.5528197341440766 -5.827609962206169 -3.3433628959180286 -1.2835778861679434 0.47112880930593387 -0.5356988839649243 -0.9430138898487744 -6.891763614806036 -5.030613283968217 -5.965645059329379 -2.8473868883666387 0.9753815912256072 4.607539158202309 3.687229717626993 1.2133845828507568 -2.23684261406605 -2.3250890062056944 -5.265842200557522 1.201328823680642 -5.378855698245758 -2.4531647833460077 1.3596775120748739 0.24088824462018454 3.0493761443251537 2.4879339559858695 -6.258126941063004 4.18928100229879 2.850364359926189 2.186710103874553 4.700136428943413 0.6323487606311453 4.088928921761547 -0.9334273069170789 -2.4150144677586423 1.8168261815513658 8.491568159954328 7.462572316205943 13.022739008309738 7.598339156937876 7.001824989908275 7.415015927425276 1.199413777783994 1.594954101596488 10.455854982017135 6.029801147393752 9.758275704335373 1.071336318206627 7.151662424149007 4.592391331770443 2.856655432041541 3.1023431671717265 10.18512363911888 9.27863045684016 1.7638459671922069 -7.958741115570541 4.903953419081476 4.817218985530685 4.298817460717968 5.272678735283989 9.064181423821937 12.488113047360816 1.9302573576901987 -4.1556699870013345 6.734275419368508 7.864258114898682 9.652105256908186 8.035960156964006 5.339261866096606 5.168457007091985 -1.8762368819011361 -4.033257166767437 7.2174743820180725 1.0267659357108334 7.096101991644302 3.4889077823169017 -0.4426550970063034 -3.489403397559165 -9.373664186137432 -7.580484300431439 5.541287647378954 7.481404667379377 12.107691010703475
4.911367226868226 8.32405928110504 9.826971174600411 10.334687134117885 10.449638275649592 1.8418729405766692 0.8783862624221002 -0.2163488466236812 -1.2744794445400045 -3.415980669996061 3.5859475725547436 6.586792106074126 -4.917676036675058 5.022390565833622 -4.476802527592066 -2.023283912644121 -3.566537594582009 -10.655255574010729 -5.644416583515632 -0.12999888374622504 3.69698033643427 -8.804299498155553 -11.201537677929519 -6.8112178220909145 -5.84182540116033 -12.928756757924718 -12.276889632495601 -10.720463980232 -5.880562267486432 -11.356198397963265 -6.662502927810478 -5.4723134697072835 -4.430309614574582 -8.652282694306637 -11.295176057921081 -11.821058980286455 -6.729725151827556 -6.158194717311977 2.1918990490916186 3.6393611866872404 -4.285480590315554 -10.988098875040398 3.0286242911337813 -1.4587060147459163 7.998289604295493 0.8973969041466688 -0.8456885301276071 -5.507891168533197 -3.9108102001658978 1.3899769762609746 2.878323159946789 -0.8619215877374296 -3.022098701041152 -2.8106772673790066 -3.98133157846817 -6.926004219649129 -1.5738942270374265 -0.9827476390241252 4.5049901046287175 -0.2696556088665729 2.0324147136297457 5.347329492003851 -9.824883599728453 -9.301829195466238 -2.4242868456145983 -8.962270350585069 6.43555261311184 9.987347664282787 7.133355648594163 3.73125177172979 -4.217283673971023 1.0011194240672907 -9.482873450499444 -9.576695728129273 0.05854770724712921 2.308869507209542 10.098201953877963 14.234344619588116 -0.23788311114723726 0.3528476703128478 -4.949265309877777 3.0568394465168063 8.385701089274654 -2.755122918332779 12.627791845874016 0.3597937832052758 -7.828769960188754 -4.013657256713623 4.259868686430399 11.480558279371962 10.072901188718424 5.317543111376414 13.53545475102953 4.763443178957106 -2.375276643025349 -1.5826149658940327 -3.577655764418922 4.280707507875369 4.749058975185289 4.759035692680645 6.673341820236828 3.570532407308744 3.68048113677137 -3.0252900614080893 -6.016738079852098 4.434010130984979 2.336055222937284 5.274369662855017 9.922087241869141 2.6848438231463483 6.894805973964136 2.2780266103146207 -1.5846493134503823 8.811207917191286 -2.1441335014504688 2.8664666932263727 11.730699678546001 4.666931833533679 2.0489900926129705 5.7403301799802176 1.8918847524151252 2.33666965312421 -7.883226314994525 0.776930327350851 11.246404620185919 7.214971483439063 2.4201364960961156 6.5054943953973146
0.6164766857923286 0.993602861681709 -1.105140549932579 -1.926526306013783 -3.3508751162492394 -1.458562816218428 -1.918637806979776 -1.4272790866630791 0.5346329643222018 -2.405940330695445 -2.0364327896280545 -2.011114229089477 -3.2204142442275243 -1.9572235421199782 -0.8525105302126651 -1.7104479433804245 -2.8630695372920645 -4.765085954340999 1.0742394307797234 -1.0698291682417862 -5.489740112378357 -4.085210821375823 -0.7213238812692695 -1.6713429196053 -4.650428509471485 -2.49764222960158 -0.8001341203277987 2.6537586474152475 -4.394457631219914 -3.151797360397111 1.1384633403816213 0.018734280202400953 -3.021469508912201 1.0880211658762269 -1.825278264692113 6.022892136885576 -0.9039462702744375 -0.7985207261917542 -0.5184468785306248 -1.6113864915774063 -3.528871628313426 -2.792863861828234 -3.205766181952735 3.1401457090942224 0.8074928142561232 0.34102767847808374 -1.6137853770497392 1.877948210810771 -3.963340120622315 -3.3183797863627373 -0.7573420415281527 0.868351150620703 -0.3705639989593248 1.3517118887493047 -0.2181386048936381 1.6614579392362308 -3.493756411918975 -2.950200538767684 -1.3991818493358859 -0.7705497472616126 -2.566844186146515 -3.1868383150721913 1.1155275640590174 1.646292717882398 -3.410909313223845 -1.7445404785844838 -5.574005250245799 -3.5892851676457562 1.4626203459764417 -2.4789000989935186 0.20702898482065674 1.5681416218109931 -5.2844868541675 -2.2459352851026515 -2.8900325367454185 -1.8176135803219708 1.4078183319194668 -0.9844738232664869 2.0795942473559625 2.0612621739171386 -2.33688279330969 1.7029426887607255 -2.0151487452751224 -2.3196184030069116 1.8517393485890588 -1.285390340492337 0.35819470572607864 2.6458301367519237 -2.180718002899503 -2.6989770640076793 -3.2703129889648563 -0.48810381677695436 2.0647181539717465 1.5588348654237907 0.6735042729207342 -0.2886225800692653 -1.465068446059088 -3.3456864644519113 -1.442229752618292 0.12352647703435413 -1.2585656522722277 3.179333096134733 2.6825157480283637 0.869416764320758 -0.38461776634042205 -4.4464352996534755 -2.7116665996907443 0.7793999960488274 -0.7188491023483752 0.47960720452111405 2.7127938878479885 3.1394514982109327 -3.4558597522120027 -3.648043434052257 1.1333006123540268 1.897429828528366 1.0672004094283973 -0.43946673148290555 2.695278177203553 1.503744463547247 -0.5272925727188765 -0.4442836726768615 4.434269508785314 6.123284573385714 4.145684389905692 2.4378772354076337 2.1907390577056947 -0.37757232252832756
4.517875454815314 1.7755005687822725 3.559126799489243 -2.7314654960614977 0.2867242862134953 -3.886870492092109 -7.563054058631026 -5.42203472526066 1.6195695036204394 1.4300968158548812 1.2292408863069488 -3.315605842990668 -1.7863518851650255 -4.117759548448664 -2.7346269881133223 0.8183991263656346 3.8724884789515746 5.542726388839497 0.8370998148563015 -1.981796247999412 -2.018410513631834 -3.9222024647685876 -1.9604935944112967 2.067075987537296 -2.6045089962663543 -1.2154885125429393 -0.6734628602015975 -3.7911708215593913 -5.632119781261358 -2.7529506770970866 -2.3177932381364883 -3.325353708489859 -1.431681842269557 2.999725007307432 1.7264264300365477 -7.052415195807576 1.0248059717357179 -3.6099899860977014 -2.0102782112846618 -6.096588562941415 -0.734469424058599 -2.318142761206129 -4.412493515125343 1.6080956509170619 -0.5458030388435801 -9.486025160608268 -3.6145796360670355 -3.7912953430264973 -4.8623113476722875 -0.7295564611950904 4.105328078809799 10.554954244347664 -5.53898307898463 -2.6433450826575884 -2.5480124653523424 -2.0137904632205683 -1.4367186409773303 5.975184328088434 -1.922857193139837 -5.55942922022727 -2.3182509071120307 -0.3884258267377271 2.6205564183352608 -4.970344673031411 -1.1136801439704145 7.198887276611122 4.402721317480439 -0.8424597129040949 -4.387918081517261 -2.6408131893854696 -0.7282327299473524 -4.636503858616912 2.157702076848027 1.1914548115216212 3.5698042235218215 4.6518031730534 -2.8380331413647992 -5.404010755041954 -5.045886585375318 -5.134350715701574 3.083002224136083 1.6027521689361874 2.910255477188397 -3.1688885965659677 2.242089324065643 -0.3874612308719455 -3.8817739293551963 -5.225519917986984 1.942288283808026 1.072105321349278 9.777691614795074 8.632992481868818 4.806782614629264 -2.8113890491031066 -4.698283629539841 -5.492710027729931 6.722996341043822 -0.7850057152744688 -1.1458638229683096 -2.985221299923066 6.320522554038181 -0.2710110353551591 -2.470878495385157 -3.291126007128778 6.536743662789575 5.524594308360608 -0.3368703866432138 -1.2774344178031933 7.244561348939012 6.555808828677967 2.686594388889167 5.094294136414801 -0.10316506806598302 1.7746088060969674 -2.475815020984268 -0.48316487864315444 -0.8484186296007838 -1.6113451233561709 3.16577392761787 -0.4047006553222118 -0.757460247981262 3.8851795998783434 0.38987993835419404 -0.4731746684651686 -1.523026729573164 -0.7951714986737909 3.2924001028088448 0.12596780500984117
5.55071958580027 4.313002508599172 6.397551123202142 2.584116260218491 -2.049032163683345 1.778183750346006 -1.5458324555354206 -1.708659364235691 2.0302467225861465 -5.360200373866155 0.7712294624235024 -1.6760332863687153 9.534621817579197 0.08080111402298273 -5.960590295757171 0.19384845775025558 3.0527809549220866 -4.091432069349281 5.848758988765031 1.9256409358926039 8.204743654685284 -1.8589587871672975 -11.009362843773099 -2.596773352704731 -2.0829334914872732 -2.2072097915589506 0.4673188683552553 4.1607193477187785 6.815841048683545 1.0914392102731183 -7.787928726316584 -2.9832851136199903 -3.7998467915630103 1.573151576420436 -1.9574589221739918 6.0462051482825725 6.37966644400349 -7.701382248439921 -3.9691423741539302 -4.921655961773622 -2.7991188176494486 5.109909872634521 -2.281375936220615 7.014926943739862 15.915895456432622 -0.14236305661923185 3.8603086994191496 -6.455831679059741 -8.897808852437725 -4.594159855532441 -5.749979704670421 -0.46446441455275367 8.380836223776612 -3.866940403442507 -5.839834371413755 -7.4964121332337985 -13.388043328458647 -5.991214149961736 -5.717901926455548 4.654912920902585 6.736791025358048 -5.87427863589888 -9.044390652723907 -4.628710558524868 -1.2874156095653713 -1.2182239365675707 -3.3434427649082714 1.1325727433574078 4.6311696437780805 -9.93910506281673 -8.709992631982523 -6.9905386056632866 -5.04033724913498 -6.898603583582717 0.28696822296806646 7.106946496485539 -0.008357234844302869 -6.288472021778825 -6.017599826218314 -5.163775133393175 -5.175486600191626 -4.622027994266805 0.14917332921943566 4.191367664935053 1.8088516557626724 -7.446503420270782 -3.7062723195709424 0.976481774236228 0.5005345253588144 -4.032757472590882 -2.9328271452376833 -1.4805922325467804 3.893905215159199 -2.063355109938926 -6.497927768880218 -6.094401875173963 5.454981095404455 -2.124256799512632 5.638767987164898 6.654793177170077 8.554245572681692 -1.205516484209856 -2.935144005866383 -5.367641791690043 6.8883882446307405 -5.270370570191638 4.1437058367448385 5.677896668756011 2.7526713261756246 -6.070966961025073 -4.416256973366704 -4.944822954548713 4.45930330241699 -2.454123768222094 5.945973450350415 0.599723829346246 4.7156341613371335 -4.379102033045965 -2.0739242989910776 -0.7192107397303502 3.491573030818251 2.849579295363134 8.5199747983076 0.3663905891591859 10.963608612108274 7.159415469747057 -3.4890073128072814 -0.09956875670457603
-0.21276806405887438 -0.5250986159641873 -1.0737023528289455 -1.1066459900564982 -1.3719924076724848 -1.4139639339210475 -1.4897525355080734 -2.9325869793846056 -0.1480494098614374 -2.339242036547617 -0.3498182388131267 -0.5670683740832898 -2.4066581119634063 -2.4093773267116307 -3.4192049398253253 -3.067564236312493 -2.6700405790736617 0.6520637599036583 -2.005665382717382 -4.993330693491348 -1.2130647128638308 -0.5332371230061921 -2.745320725549047 -0.9549523754253337 3.312494647967112 -2.2933620870267837 -2.4900942580173178 -3.0180250508554898 -3.132343067628022 0.5547626835222621 -0.9015013908063761 0.47220870888882643 -4.286907292686087 -1.1453010102546524 2.776316129003674 -5.830553923225939 -1.8813298636828333 -6.729676701481843 -0.09497547612621893 -0.3794731246704227 6.628395155879478 7.295587361962636 2.7332673877466163 -1.2882125994816493 -1.7317036269652035 -1.312068711440707 11.236305451347993 4.62362887200222 11.607129723770328 3.0619300438885144 1.7985517903270436 4.037994119839149 0.7826376577134861 9.602337335297484 11.84655544275406 12.874929818291367 2.4627812879998867 2.141890199782218 2.0659876442849994 -0.011517018030386073 5.5129502231399865 0.49003009473715364 1.7718554797319395 9.466552232529033 0.7500427974749309 7.588002487445102 -1.3144019428602536 4.475026522664771 9.798492788128192 8.370152523583245 4.374099674147221 8.44787866390421 3.3423152070217164 -3.184062318761545 -11.754490774096807 -3.757708571817067 3.348923474033658 -2.6490833098413997 -9.11440372064688 6.3692362796319575 4.405673144182684 -6.403375744809794 -10.359421486409058 -9.468420996124705 -7.061083090237709 -10.788242130926886 -4.62000178242633 -1.959261346103063 8.997386062670234 -9.911105843126702 -14.123406218020435 -6.589413734875359 -4.162346346912787 -2.5610568614738844 0.8926558425545265 -3.6600206755468356 4.006772446369127 -4.543112575913629 -5.323240838673315 -4.61692077357485 -3.203142523045944 -4.031750338472352 -1.0132167124733331 1.003591732833483 -3.6700249859603833 -1.771283832264864 -5.635145377153505 -5.487943207702455 -4.617807984649028 -4.690677426739968 -1.6622556655632024 -0.32905349219606483 -4.963221874263589 -0.808653753510224 -3.399652682950737 -1.5396274082758838 -0.0825271885819691 -0.9794947179903427 1.098349950119938 -0.8111123093157365 -3.0805450057030805 -2.36262681762924 -2.399705475651133 -0.6053165855350113 -0.8178673703008511 -0.35381888136741596 -0.41571084299092087 -0.24860034933376673
0.48041926145463526 0.8891910692521322 -2.502753512003693 -0.7281657454148651 -3.0084511305766926 -5.521239433505968 -6.098479578194748 -4.654211851552958 4.05835940785787 2.1900410879381904 -13.580838291124026 -4.449813106778825 -10.666534782054347 -14.650717884604179 -6.078960612944537 -3.9799690746964727 -4.037449145046805 -1.9587605839240605 -0.030328425871069653 2.025565478973988 -6.387003277535282 -9.546070221762589 -1.0745014353199167 -5.400526558281691 0.16442247807746269 3.844681052069886 -3.8678535666805347 4.828886376330544 -3.5259312512148244 -4.347974595012028 -1.406480881099048 6.080057002093136 4.685403577645582 3.636949459122678 0.8316763240525954 -2.610570263529697 0.43324634001719087 -2.338128715637307 -4.413494483821017 5.384394186259242 -1.7679689660008961 5.288672499967203 2.1225985942845567 -3.842438321025129 5.309831547446814 14.076667916079613 8.669000627347268 3.3584489987995867 0.316090194118265 0.8221991621534528 -3.0657963570702633 -5.398260763205033 -4.647191070148946 6.102339135423183 5.732307153926225 11.882796826655875 -0.5696542736721868 9.882505487892459 2.258481456026452 -3.5757757664040275 -10.458726438042152 -9.380882239809871 16.396658881332055 14.979318998235586 -1.9419308633096442 16.04183404932591 18.40059941778895 -1.1858564375047151 -18.038883242074874 -4.934883536196112 19.354008993525667 6.996760560370352 1.119401034314817 8.354607534357887 7.438971117404602 -9.844655614614945 -27.474098546818777 -6.9160957582506 9.347153507639199 2.5447016866265604 2.7054454096536493 0.36464350065817097 1.4167976042960717 -19.423881322116863 -17.35369116581899 -9.471097836799611 7.24303886921207 8.88407592057456 2.293593703758697 -0.6944955588678772 -7.808260072401429 -25.79007289591972 -28.425840708044664 -9.61911907342403 -2.333328797195341 6.24311536509205 1.2957071541832086 -3.0571114386372313 -9.826030536011707 -14.687105089152032 -16.388089694799113 -15.507591171337241 -5.211264094334736 9.939350603814576 -1.4321661332034283 -4.143455833018485 -12.508080286332202 -21.789182208799787 -13.796945771057212 -5.803037116670108 -5.213354366215881 8.437419825230906 -8.749019370114238 -6.039247639915078 -8.056636052450912 -10.029410813694337 -10.750553817868429 -3.1670436332411196 0.6633161310904274 3.005371372631233 -6.66599386278921 -1.9941709524154025 -6.508135758843604 -9.031525754533904 -8.339762974005716 -4.409618836871047 -0.21912757826853552 2.044827025605753
2.732111282363928 -0.39501847050439864 -1.5620708404178618 3.2977515093243577 0.7544326029172272 0.37887860436196985 0.7760667057860994 -0.8097581646861858 -1.561557544917307 -1.6193421343230334 11.644590801057713 9.760145853197434 11.620593079604792 -1.3920808724967593 -3.8872660153881995 -2.2352769651771887 8.907207663698532 2.0806360286662215 -0.09935039120913025 -4.398258836740839 1.4742218082713985 0.5667099911150832 -8.162715753960503 -11.506491036170159 1.9740111086142011 1.9230883293687229 7.455757159626181 2.9100841300684617 -1.3825354743513558 6.01754636230886 1.1330745280847871 -7.0789955033554115 4.339358088242068 1.8907491381249657 -1.8115793793546286 2.9303968618370826 7.711219635859346 3.0953418745261683 -2.3103706154734995 4.01407702956379 -1.9641896855814525 3.1452065108527956 -6.1040028383243925 -0.34729945573800025 -5.384525493835422 -2.5213361684256617 -5.776832766791166 3.96834552087225 0.2771805664517488 5.176176930808446 -4.0591589517821305 -1.3569536911737778 -8.317043830925462 6.924236233753463 3.1001412924392273 8.38325431728319 10.236370092095884 -2.7820837363388633 -15.840038630530216 -10.571935994121969 -9.934142981526966 -1.9156157742394124 2.70193219761486 23.41611783743796 11.455057576479454 -10.513030318403839 -16.216190012518126 -12.29455944350735 -13.671979353424309 -10.142140864264169 -9.1973827041946 22.48705587859711 10.35871563667564 -6.106220809862516 -3.769941560944153 -8.16553763382366 -9.313671538246293 0.41365953760062646 -0.7811874883260688 8.263307792535539 6.9268573119673915 -7.650751901570492 -0.2614073706856614 0.2077217531184471 -0.05077524164359204 3.5632634346252456 -6.787326751721297 -1.919156948357918 7.276732549553632 -8.344842680270043 0.05004236779131399 4.744280410914687 -1.6738610456544287 3.725552882988034 4.883303952725184 -7.165785710807597 10.641763955484016 0.9939983664935619 1.113874252950767 2.419259701891311 4.789332829432969 13.504802889447502 0.8979992495461988 -16.81608848169634 -0.9777583591981427 8.978266682231707 12.410026563668989 6.2076814549023105 5.880307935536604 0.23419298723838733 -8.390621077472245 -11.491873654490313 4.968328783673071 2.652210992776113 3.0728374215136895 -3.2074245657381137 3.620586177662121 2.7600243159851567 2.37628217474136 -3.811923483025108 3.1260209108786965 2.0547563484314724 1.7094070783042978 9.03523784676843 4.699400266938557 2.5238296109711538 2.7502257530462715 0.22286039135470664
0.6685477317120627 4.6718010442927795 9.468219546443084 18.50435493724746 10.515293788456633 14.363333033736046 3.487676185007545 -0.8844581759060125 3.455386160936618 9.713966460842732 16.657994971284317 8.053161983816562 -1.677302753990066 10.754877210369221 8.55287444430071 -6.276027529892658 6.802223414808238 15.219112157316287 3.8965553919932754 3.5492565143438606 -6.7734319823293285 3.9605391856006436 12.156990758853418 3.4674831954562126 6.368978832253388 -2.435773787564968 6.1185901534488405 -2.4941024508097906 -6.707597303876892 -5.116634575851164 14.295541338298175 8.909652142815865 1.4100562422166902 2.9594898423765628 8.213965095824248 -0.8275608840338777 -7.00497653834737 -2.5717360960189852 4.216677655409283 3.4673652449001904 2.18295318646126 2.862500568842637 3.208930141738009 0.8697951583601735 -6.663709420427149 5.049403076133706 9.630392217500988 10.173116982955376 -4.683770399226277 3.0546948157444196 1.277744173989266 1.087270695375968 -1.7506088153028505 9.215853234795508 3.592769605740663 6.860691879504138 -11.276462118350445 8.704596307337036 -0.4146229405690621 5.939692892219361 -3.0428373101526724 5.736055090238165 -5.257233635172557 1.148706405280019 -12.307797901215755 3.381296853078771 -3.7575408218952666 0.4913084773770816 4.4607865551022865 -5.489063274964115 -11.587676053961033 -6.166466966004239 -9.217793111040217 2.4115505848913172 -5.613715902662345 -1.575706598309762 0.5998048522002628 -7.371975311772496 -5.497591705864133 -7.370135118954073 -5.096941079070409 7.114123462477836 -7.472733574605461 -3.9311032338325083 -4.079432828876327 -12.971887612208807 -13.648734290132966 -11.165575786590448 -12.464110687356529 -2.0712836193996007 0.39319817593480877 0.5205908118380943 -0.9671501978989538 -9.617938933536884 -13.84676388402942 -8.082228495652021 -8.279822943028591 1.1078961081299536 -4.017790920016303 -1.7259354171272623 3.7820789589150605 -6.6485103001842765 -6.54439899071556 -5.215715625430628 -1.187882427582774 -2.382800221906023 6.138908688617465 3.060053107492602 -2.1241555311410583 -5.238618559840448 -12.555065953761556 -4.472492186783579 5.499567381454989 -4.669197919407967 -6.65631419331012 2.744488881908715 -4.631063282462055 -3.8413824507233296 -8.983019334821067 -7.657660273752411 3.662816319845407 -3.05925243259113 -3.6685112583547324 0.853198926362096 -6.835504978847204 -11.564244403522796 -10.930273553921815 -8.127795034545885
-0.12181320261935125 1.3560111951026015 5.2097043012160755 6.816339818947131 4.457662456101287 5.164220992543133 0.6244086005877095 0.14848211152916121 2.9247740956176336 6.29928476151861 2.572416398171302 0.0667918779747716 5.443622877196601 6.234429497878377 4.009487517035524 -1.9418288826077108 4.734112244807879 3.4073317920979096 -0.1410353344215085 3.386079979876513 3.5186082430243593 0.21207515814731182 2.343575968258174 -1.3973579804475613 9.871954628884792 5.636750368561393 0.9522961738743989 2.577272577141625 2.6349033278951257 -1.4186051784635714 2.2124065317240555 -3.6191144588419526 5.163616848311898 0.4262507697295218 -1.5568081225701715 2.888330280520473 3.479016887636813 -0.3136171668507566 1.2149310264641386 -1.9459590656770027 -1.1634161763528945 6.621193313845257 2.970421109890426 5.672123671681286 -2.128820792044194 -0.3262573525526594 -0.3503912647680021 -2.712627725251559 -1.1771746201495568 1.5327414306242575 -3.4801736016930382 6.332098570243368 0.45955907934816753 2.4970728562666658 -3.750758534973493 -3.2839478628433754 -4.289738237458795 1.5035934908581314 1.5265338260767427 4.365890972384726 -0.5491371987998512 -4.776108420942606 -4.238475784224795 1.8199551922101265 -4.969317232325458 1.3220576888890125 3.420973335260535 1.8893798823132693 1.4323826376828066 1.0125094725950816 2.008313516407175 1.8082717249486098 -3.852108827318427 0.34030304360683045 -0.5680633464415683 -0.2412052157383232 2.1137852058448283 7.1390235916875655 6.603389515676668 0.3386257028550995 -5.865356525160033 -3.9958311616451017 1.7331140944677732 2.563392345845374 -2.1902119017090156 7.045388061590865 3.764742445879413 0.8743594556325078 -1.0554811680217977 5.498010934009964 2.821161768834395 -0.7327144210621003 -2.7641330494426795 3.2745985908807627 5.270476413395551 1.960522827496797 -4.24812624622424 3.053338845310275 -0.09737930683656948 -0.6027164068848483 0.5669606338317013 1.917726920858687 -2.092079032460618 2.691787709243287 -3.1564236971174466 3.1699162607206257 -3.3042293001696974 -3.3180959145245987 -2.5518879649758865 1.453000854803581 -0.12563394086917795 -0.839519626819056 -0.9828046984766143 1.1988648160936586 1.1991363836890974 -1.3479394007921262 -0.6619838926836814 -2.1521437909329104 2.1814725650465343 1.5556096829572283 0.7877931825117492 -1.2264363537192318 -2.2759339885691494 -5.0346072595552815 -1.8736726911168002 -6.549851774442452 -4.408753868653415 -3.572842079365641
2.2150871097377127 0.03466001442116973 0.7010540513754442 2.2007281872272264 2.918708662065238 -0.5435754965620019 1.792749749148928 2.0781305590015426 -2.369626417460955 5.4386789076138555 5.2138163531424375 2.3938985149435377 8.122731407208516 0.9620866007539587 -5.428584155336909 2.2730967999153355 1.593788100436465 10.90955945874263 -1.869451007200515 -6.331262936766746 1.5374925303482099 3.3082546934612576 -0.6684092512682742 -2.888560325364965 0.03748607621249134 0.8424808030021231 0.04196691909242012 2.436661738743132 10.293709509419568 0.7443864410203418 -4.851186543182051 6.265638038163043 5.172514764416732 1.038078706400041 -2.5717173811515384 1.5101970682903156 4.662685392205423 7.848455027415582 5.255979603531961 6.5308944476599615 8.63870772738887 13.428844018736307 2.4606833227749587 3.6394332517819623 -0.05042103937798248 0.5548927040714894 -1.4391730937518712 1.022621410416809 11.311384642861825 16.97166476255529 -0.46060682550942766 -6.223904905899642 -9.478214523003574 -9.378270184891639 -11.824488084263303 -3.4686403274064377 20.43103917179211 18.41555348163759 -0.48042269762981993 -0.44311912808713794 -8.377356958759451 -12.697876305743744 -13.007855762920435 -8.72777498984754 10.07432629809656 16.85340694253076 7.909518407590709 -4.486054572116389 -9.212301353209396 -2.7222953471980897 -12.332963368301794 -12.612753819657339 -1.2791075620691141 10.64302502905736 8.60696220680186 0.6340942321690526 -13.877775628145816 -8.122017473189292 -11.042346671743289 -12.791243153019382 7.18291216996241 0.4455095531947769 -2.8025148797292543 7.50035427437318 -3.9126973360472395 -5.615400209491705 -12.347805876261727 -17.183834571172046 5.868328893815712 -1.5537883339249428 -3.761041543250307 -2.027003923712841 -9.959160344147934 -12.981101659635524 -16.94728301420737 -21.183385521321455 6.1486248693328465 -8.390566880381131 -8.44979898650455 -2.730575898491694 -2.400323855240416 -6.1709815211948245 -12.164689963026444 -11.963174391340543 4.7518250200623475 -5.052373153904314 -0.1868254601589181 -6.838529966396805 -7.405740359440447 -9.936011948170544 -10.283504173445499 -11.108613608847094 -0.08916434646413562 0.6351534763727109 -1.6559021257352136 -7.5946789348129 -3.950475344936097 -6.864708598581684 -7.644881711506759 -6.927111366575325 -1.9967103784412794 -4.438835929822409 -2.1240637606247468 -8.772523960914125 -6.1987915442071095 -2.2709135187787135 -3.4179234817211315 -4.014194805350013
-5.625904386405727 -2.311121712930491 2.5311487418951115 3.6128529308468913 4.3938566839658835 -0.007839553972187052 -1.515048696836357 -0.817948648084905 -2.6927189114971446 0.8236191131911268 -6.605416144142022 -1.0676965886746765 0.47064694568708737 3.292065826342519 0.9394126582977196 1.1225822994300438 -1.9556550020909866 -5.555087907730622 2.797455996636257 9.995451490983935 -0.3396592344032968 -2.1276049653830347 1.4330374704834454 4.017506301192962 -1.9364316548903953 -0.2788873134006643 7.331513103586222 -4.581130059042085 -5.745656643907231 -5.250147557485991 -1.536183770066599 2.447568132521025 -2.2716309285107963 8.077595189430536 1.8651147578784197 -3.881852257116101 -0.09653066470485583 0.06954244462288894 -1.641983663584964 -2.4990051208295734 -4.398170896175243 5.682938475682751 1.4923970494758736 -4.858809832560813 -1.5777055469705406 -4.624642379578286 -8.218860769165689 -8.76247348211344 4.816413636346837 6.265557490037432 5.548866885115153 0.9838046639114622 -8.098574340381688 -6.477064854578921 -7.299513377011854 -8.68787056357893 -0.06274394438920794 3.243145808406272 8.110431312714255 7.684446319261096 -2.9361706525170206 -2.2861900500688552 -7.907069897705214 -4.550793995620998 -6.868509773200178 -1.3909993083536076 1.7861115306570088 4.964443512400994 0.3838672950426987 7.720508710747531 10.907369600979312 8.647443559219125 -4.240520769267501 -8.668337545356042 -5.266637345773494 -4.7156470703529845 -4.874841036440317 -3.6347123933512586 3.644059303417766 14.315868002316202 -6.962430240673541 -8.836832940844477 -8.779882230118695 -10.50601206783643 2.6278491893012896 6.247057033945874 7.823714450158132 6.771849981456354 -1.9335820482230632 -2.1364394298065363 -2.8398515277180785 -0.19672342842943147 4.299693429749025 9.917068491021858 0.520776311397094 1.600066001475952 0.1963927880459293 -0.5535329488091525 1.183413297397803 0.9742710660239424 -1.7315664798242576 4.349099079327017 6.381644359691143 3.9854221503419343 2.631373442254728 -0.024611658399283476 2.554809781081528 -0.7150955434406474 -1.982586083004899 -8.328274293497255 -3.8999926108669847 1.6337710265882683 -0.2843901234295342 -7.046434952542333 0.06913743245261206 -4.571304643681362 -2.692693669251172 -3.6087826176051205 3.295647317837711 1.9079300496503266 0.8912040179786973 -0.6439135343570446 5.174112004054257 0.917535355515817 -3.4120125450208993 -4.597490672280672 -3.8328548457178946 -3.5095143270375875
-2.534628505628254 -2.3511409987974203 -6.133178983214873 -7.949631755130219 -5.081806978549367 -0.323927214514837 0.5866061795104798 3.3410760351241344 -1.7623822545449888 0.7843443546135387 1.2807810925444518 1.1358892011901798 6.781236075140273 5.2309935919278425 6.6744767094039945 -3.3359778135765934 0.9290162343125989 0.7594016616698758 4.20781695501493 -0.05429415266074519 4.651284140117744 1.5689652070898636 5.776379787014817 -6.651704920930732 -0.8525666414418573 3.0517822260486795 0.28986137232692866 -3.7050981557800564 4.82162900770945 3.777962973727623 7.372364163824214 -8.442903894113812 -4.512821299198236 -0.07751999467201243 5.986850034562237 3.07333268058634 9.308777778821852 7.3373648712305455 7.658766019906697 -3.543270939212534 -0.6977633955199014 -3.6368542467564984 7.265865020354813 5.88843469030732 1.3428077719556444 2.2846822074930153 -4.784283910092351 -0.9072861544516392 -2.686822355613289 -4.281669069388496 2.8826082845309298 4.836925470161873 -0.5017876020750305 -1.9198995531987226 -1.5738430903157006 -7.292896270176184 1.0633303365529683 -2.2134265487160754 5.713195293495923 -2.1170088012475685 14.238382872875029 6.316961766199285 10.256387710912586 -3.134838982958844 2.447249182718338 1.3548710339105583 1.4169996333345574 6.811322740473842 5.337906561009076 -2.646229865569339 1.3837390258343962 -3.118897106348106 -4.107279367728639 2.1139008727751856 0.7512385265117423 9.316228269831383 9.664905325265277 3.5357524710514987 -2.4102108893828147 -10.088332164069191 -8.523115734564854 -6.991755661742885 -8.668114372691187 3.714952092130056 -7.886989075666063 9.936296347815071 -3.957767354575597 -12.458981206302784 -8.042928521501256 -4.958263794173424 2.1190655804179235 2.573733257563174 4.828871769592762 0.6696279585944354 1.5751533768233734 -3.588562263625931 -8.269838669283189 -5.496793004205523 -9.759265074744746 -2.04952084731427 3.9156805657231217 -4.311007483128562 -8.22038324966315 3.0444030115846124 -8.974580144147515 -0.2804503452617717 -4.437704930446809 7.419863551004792 3.227026568136976 0.08731789102691037 6.718561515258558 3.149195839361409 -5.998426680181439 -3.279640645623253 -6.516062983676515 0.8237494941457998 3.522348921686188 -0.5565942658101105 4.200630526372756 1.9691418594968317 -2.4908731271567746 -6.0283634449516645 -4.936767574577551 2.8399464385006903 -4.41874919958067 -2.2132659487619133 5.515177577671153 0.046781348130825094
-3.0597901033143606 -3.942889845893796 -5.585714275972414 -5.103267398280656 -2.019827463502897 3.3062325607681657 4.176651678394586 -1.5877154785334373 -3.000607210516555 -1.183875308520008 -12.417276339080392 -12.20651183102746 -6.846981148349134 -2.274309989848008 2.755714691301006 1.4347750927011411 -1.972085125506169 1.2420855934744195 -7.593516373695311 -6.905557671685939 -8.34131300669999 -3.660421384767201 3.9800240660110466 1.1071191309507462 6.8224297260082 4.293976127361669 -7.639498316802349 -10.431904438069035 -8.607817011290654 -0.4366766649616364 4.78879361495525 7.0635354236888155 13.649854086253018 0.9976948187162689 -9.6707670441111 -13.623600008378622 -2.4544244424657564 0.1754798992651212 4.655462528229359 0.8015917748053552 17.842210336294478 -1.1050110558294226 -3.527245015822877 -11.855411182769682 -0.5954265978653714 4.348638072836453 4.8165956932228084 8.88592407869524 11.637659217450555 1.7395775186018914 -11.2684869506243 -5.76923382753368 8.153207572832335 -0.7028129066841153 9.258207311945693 8.259018542301561 10.324386785681874 -2.907036082586491 -4.206673664547973 -4.991329459911623 7.362865431951583 6.122087971102881 10.34099430759967 4.185378585097745 10.807368581200864 -2.8581429669195906 -5.082397226846008 -5.866617451191966 0.9527667014892431 4.862538902317946 8.552956943228343 -0.33412310732385464 4.219120872194695 -0.8146887379513026 -4.3278575722282895 -5.875966311428299 8.710513580837755 11.3102226544823 13.046751694979097 0.30303224216240454 -1.4904350082020494 3.742957412961122 1.070139720567909 4.257898729991133 7.885294798364997 3.301407235130131 17.159547118413663 5.7103879342052775 -1.2241403325454416 0.16551088285611049 6.68198496412256 8.03626127863207 4.961534587417367 1.0811748904102458 5.604008398082924 5.331867771888577 -1.9528711800489096 3.4058547172749467 3.244007153114535 -1.422180101456136 1.3473703931039163 -4.631169661992901 4.446178125969838 12.042383368661048 -0.6011830949338405 -0.15348798088712884 -4.670017871215683 -4.916751056714911 2.6706988667985083 -1.3504530688046692 3.290869919863965 1.5648628161848916 -6.083672125062766 -4.249294770263102 -1.9270665552710415 2.3199219175326897 3.5163034926925087 8.541464186207298 3.2548845795015797 2.26015659781803 -4.718825490710319 -5.765308535421346 -4.2240528183858315 -0.6481671437321466 1.8002774170850366 4.653895188767555 -0.3291544131708986 -2.771476588534117
-0.6503328025905937 -0.8084544013175784 -1.5383696292431288 -1.8269196492849584 -3.872594243366539 -3.5025806974984035 6.131093528211116 2.9785050393925605 -0.8682930860481535 -5.689716030787509 -7.108142737850746 -6.43694362123378 -6.776405729709674 -2.9896685878196183 2.99581220358728 2.44802226585779 -0.8308918329750283 -5.868398302048382 -2.1981970214171405 -4.685041763759673 -3.309553136269533 -3.2478176191651644 2.8246230099248892 5.0761800683923335 -0.929702968298513 -4.0231867740748655 -2.67749499720529 -4.636527670984507 -3.854783523947728 -0.018136728198487356 6.009392497347441 6.1037085007611 6.134160523067459 -4.252293641634546 0.6122828731118751 -5.621417153732047 -8.744518653552886 -5.055987659059864 -0.12271365741936813 0.1668836305300616 15.032555715279983 -7.129429604564914 -8.075518752977825 -8.044597841585507 -10.426539822617466 -0.23166176449111808 0.8162646612505496 8.018427533111614 11.664362222223563 2.3624004368717384 -7.111367874588158 -7.855399010874073 -12.249825431090402 10.825772523234344 -0.860687140061086 3.3922400138940505 9.00933149707166 1.3684857403589263 -3.426560219968546 -14.752016554480385 -5.299762368629336 8.45545080349058 0.410523496164888 1.3591694676953896 4.108041338501932 -2.5548708098193855 1.1991860166140715 -8.635473986683472 5.485841558523942 3.647169591107154 -6.549083156938654 -0.507612095077574 1.2329564490653129 2.2893121616987573 0.6566125075362539 -0.7142278326930349 6.689600330315971 1.3749145215382217 -1.0068630394350175 1.3412839594385915 -7.251688225805795 2.6432318253958877 0.8292200922125217 8.036640704851981 -0.3682589567199923 -1.018409568556163 -2.077504997843791 -6.020304650233056 -12.323232319298226 -6.835558715904659 6.136548929321744 7.280127264171441 5.397935343333053 1.1013331516268277 -5.9018807664078246 -2.767133070955713 -4.3921643719921795 -5.441258074373498 4.874397211655347 7.772620624247832 0.5483746080376086 -0.3206330414577826 -1.5755782115218806 -2.9034627098282586 -3.0580911690725383 -2.3355990508550644 7.254982380477783 6.734791385375221 3.968751432984436 4.0447235363790845 -2.141241492296072 0.8066719654807204 0.058694338468633075 -3.503752712008131 2.2169213592820727 3.162175354156214 3.7016980452829005 3.3655956777971103 0.09701926084266058 -0.18540825336158942 -0.337345923580473 0.3982274701929198 -0.6482518450963329 1.9268707904448872 7.62916265185194 1.2347568071897108 0.7051569595709112 -0.39686571700616646
-0.2159050594744517 -0.2390927167651545 -0.21703136402908604 -0.21725616221038946 -0.000996318578754366 -0.0017557005471514372 -0.3479885281267132 -0.3473882400808123 0.4080661183961627 -0.05215501542444 -0.02901431988619025 -0.24432481052717325 -0.24939750149696985 -0.5937770208270278 -0.39181466124458914 -0.39057263273009823 -0.5655909418427607 -0.034357806666094844 -0.22679578237608278 -3.325365530922615 -3.676810687185715 -3.589781800761167 -0.9206688786655673 -1.445676228174126 -0.8453473338080972 -0.9648755444503134 -1.6659613249070457 -2.009573491567409 -1.989560199730897 -6.060345273591184 -5.63861474297562 1.3669058464352508 -0.5738660137548826 -5.894907285243425 -4.524540501913678 -1.5250113871441398 -2.6047310174231657 -2.9853309170491573 -4.63516057722503 2.3084971544708806 -0.8760079839376744 -4.263808634905242 -4.512597934440619 -4.794510781414394 -3.9981658136756297 -3.1106245729948774 -0.38680314665345317 8.395561388542404 6.407601966823746 -6.239390656951592 -2.237841871854077 0.0870174980609329 -2.0129338491425153 -0.2856476462769039 1.0052575219839555 13.819637940011027 6.99896227474361 -4.923048053781605 1.3215460705798097 7.686700265890984 1.2617809313370887 -1.4927216169832351 -0.20088447438249998 12.830862892567142 5.5206265509138435 -1.1468982187242642 -1.0693238618892156 3.6405503191607966 7.0093630101573305 -5.2789581145523865 -0.7974086325624559 8.282423014411794 6.403323114066006 5.86118440661583 5.848377649965327 4.283500524101786 5.105769115497112 6.612731763808855 8.55798277269944 0.09528193507688687 2.7320255281427657 7.9997648079880275 -0.5972481292567172 2.786318518740301 -5.201116524442851 1.7703536216908067 7.057740978071727 -1.7272835548883816 -1.7484473118784154 -2.6136549888797878 -6.810275669807762 -1.94587284542034 0.7585224187041837 4.2072339092150575 -0.7926558108036322 -3.5287683677064887 -1.5214563693572882 -3.942180573287845 -4.071484276484515 -1.545629297129218 -3.050952939918566 -1.362575728918538 -3.7421867482673643 -6.093673847064993 -1.3034888949877463 -0.47378485921734514 -0.15626583575937733 -1.138378619353776 -4.2432188971118086 -4.002386960772626 -3.180674215168052 -4.866265863250243 0.32993465107564757 -0.2383329030879826 -0.240148760502963 -0.04693569402327135 -0.0617870797868699 -0.06311176053468898 -0.41208280098288486 -0.3743926588969829 -0.37001296018721813 -0.023576001397656688 -0.2395910587688999 -0.23935199085662726 -0.21708943902166072 -0.21688467709606526 -0.5632714979779136 -0.00010058925880080191
-1.44764040629971 -0.8811356172774591 -1.8122790621150715 -2.054103766367762 -3.1589087846496517 -0.25671177539525186 -0.22088050274177257 2.4453911818809098 -0.44469227830590474 -3.058840134028854 -3.4948239420900427 -1.631692306299613 -2.414157982461886 -0.8568730349579711 1.4011636508730763 -0.815777349766899 1.9710704176347058 -0.5424799524988226 -1.6668425666850923 0.6415259175278384 -1.3305913018436895 -0.8515539037704256 2.953233493440074 6.114286783952357 5.161122781381916 2.7398272654029516 -3.804307428750138 -1.3193907420337512 -3.0172508668550106 4.609654325532599 6.543034436361047 -2.0962342271813967 4.509637040089268 2.602120804981527 -0.7475260291543828 2.364956894030362 -0.8395980091161523 4.967602240077309 1.7843091279819463 -3.7738831305493448 5.4299076096222265 0.9008646538431775 0.12157111944880161 -3.2547551713023264 2.2267681061093993 -0.24380571159780112 -5.637950694093446 -5.574347556000367 5.755826816709366 4.441865738185626 2.1876624023056963 3.286280554003863 12.038689193122323 -5.7983346729964715 -4.3263588187807995 -4.005834672626092 -6.975813078493288 -1.040984945556445 9.66157379729874 5.1819835146185635 4.143149868730077 -1.6067669724855294 -5.587402371989911 -3.155018468427488 -3.6157441959979377 3.406132398730051 4.383847102262426 1.4689208648070058 -0.4104822622411597 2.0517371662202923 1.3508775306829452 0.6375519072712191 -6.418910222468904 3.35649864625032 3.313110896397109 5.325982885140186 6.484417668536832 1.9123347854319008 1.6103677122159714 -4.171340588045822 2.5912885444001064 7.615821010224245 -1.720265105793947 3.0777139177860344 2.1988702542140217 -3.0003832216222985 0.36319489957484274 0.1730499139608448 5.01406464360264 3.318616017216242 -2.111945439882377 -0.3090550514669944 -1.1773753505357958 -1.9726886115556457 -1.5564974589124403 3.2393632410888618 1.9268170872011978 -1.2846077066721786 -3.039987224885884 -2.5844749502260256 -5.420966409373921 -1.0448435635470157 0.06627777330877528 -5.427193631425963 3.007921988877653 -0.6999030280536923 -0.5752450090181556 -0.4924141189396796 1.1233060151743732 2.424181448903065 2.2273839391911774 -0.9070903052642157 -3.4053155398410655 -0.09614836046205222 0.6514786494556725 -1.092417582513493 -2.197105592797465 -1.5051891707528402 -0.6863976035550999 3.4177784625895145 2.3545906047939638 -0.12106735076055981 -0.3438685803093051 -0.12459514568190404 -0.21873793120025062 -1.7271011887459373 -0.6530901943139723 -2.834525568333769
12.301141006428983 1.4011567526208515 -4.917936440911018 -6.241838711232934 -4.765169958724676 2.0805247466311414 4.263700166709174 -0.35436764848559765 10.236814730644632 10.175806456089925 5.415589883309866 -0.5157479244215557 2.7101053759928577 4.935071884479099 4.7788854563090375 6.158212649979352 4.396338425219481 5.718460645082651 6.0206281975837435 -3.772229867285083 0.6755229178502079 6.370769717512531 8.69979083376387 7.860759148441039 4.091659977999018 2.07317327599218 7.204641814883601 7.700562738119981 5.7290117300818455 4.172648601072638 10.088812719676762 7.737725417322549 4.7142252729922465 -5.491748378413239 1.0553963492778757 5.725882031041909 3.106591279114033 8.41335474164675 5.2654772860518655 -0.19038820660935782 6.567467912663766 2.605166380986101 4.72832091687136 1.1733382242994042 5.9259965474035035 4.689877449348121 6.715232233848987 3.6625861209373154 -8.937683965578001 -6.0667610776137835 -0.15052410735250582 0.5950959398548233 9.234745705167093 7.990875863277481 9.447448731436923 0.397622636574256 -14.459786927871022 -9.248920095591357 -9.635235105511676 -0.15719902481637948 3.432768515706169 9.161149246326344 -3.0204429602187837 -4.326862120328314 -6.365379571353641 -7.641913883233774 -2.5405003059553035 -0.8635819515331049 -0.3987522542286419 8.685500816071269 -6.052457277240011 -3.9998734640970754 -9.244292088424164 -9.135738327227495 -3.9707765248573645 -2.4992892062898115 -0.15548876623427155 2.19467739389511 0.14342143250324813 0.6718065873530594 -5.3141242667206114 4.079616723713409 -0.6356126327645939 -3.6629852664246783 -0.2385188064019862 0.9260910896982024 3.1909169572418294 -0.11138688645496603 -6.486971359063705 -1.2653263838047062 1.4308214230767844 -2.5460076364838127 2.941045120034845 -8.743956784048862 -2.286608672077799 -0.8553661147940861 -0.7317493215633168 1.015924570693885 -0.6127343118148754 -3.5811189631492497 0.7612388149387308 -5.361056175343387 3.2707697693521673 0.10435048670222784 -4.172497573409039 0.2976313446050336 -1.0345251926395207 -2.2177589904307955 -4.91313472323211 -2.3394819895017083 0.5964478981500864 -4.51423917885949 2.9172566261502766 -2.130546555247222 0.9655949689433116 1.9951624346608536 -3.0747289930215427 -1.9749530608542731 -1.3409979731224901 -6.006484146677975 -1.2145866636433453 0.5495506172604796 0.30650891578622486 -0.5816840643000256 3.6140024653815304 3.8159001185685613 4.954489032786209 1.3443858435442482
-3.269884563856233 -7.577199643713876 -5.243254501506064 0.17406934427927231 0.3498189365716412 -3.411180924433161 -1.93794484861435 -0.5049413849401335 3.643882385334069 -2.0540250979370693 -2.185893962854074 -0.9889122215039045 -1.3526743197810844 -0.763482281291996 0.07165281774186633 0.026358334316868626 2.9249682491783187 -1.7593259729366286 -1.0256587693507693 0.8498984211773482 -6.817840605376709 -1.1645806767695226 2.3431999965434995 -3.048227180577869 5.77832583938161 5.455211516632399 5.900088839409824 2.979539692125827 1.512535540536146 4.492640653237824 3.9437277391165346 -4.772712345894146 5.444347214145248 2.4294170414084175 2.9031524114135916 5.042867171960035 4.2711586364840235 5.461576313978807 1.718948228047294 -2.713497197680075 -1.965807820305792 -0.06350143037155781 -7.778670832772913 -1.0398980797519692 7.880220535213084 7.525430885038853 3.374791812632483 0.19886322997542583 -2.167025191897434 -9.461035386496093 -1.9527629724713684 -3.8828130813105464 2.5095821088527535 11.349728066180433 2.6543566689162583 8.823135678078476 -0.4919442876639569 -5.776896617003635 6.855517192781345 6.238196511621371 6.012962997636504 9.151205765754204 0.770634522997292 1.711203499407498 -8.687120399797061 -5.861887887577321 -1.537442375743688 2.9482386699418432 7.189913617126346 4.698931673743191 -2.8201167523212676 -0.3375668358284986 -8.871892558645545 -5.199947682696218 9.339902073820099 0.2824955039114257 -2.6598712762850543 -2.5255659225576963 -8.420979963087639 1.160270091940391 1.40881369369499 4.515663548763486 17.070887950817063 5.661499906855915 -1.622131731178996 1.1381660308743693 -8.47685647933095 4.160018335447178 3.12534643884531 6.976759409910802 7.130337380343626 0.3652623696579343 5.931408193781154 4.67226881595198 -0.9874141970338091 3.673677351922053 -0.3140593760990897 1.3689038070747368 -2.715690451859166 1.1200680742376743 6.0945239418823896 9.489437605928321 7.381111768384703 4.482942946137903 -0.49870946286649825 0.5979170610209993 -4.241028015812306 -0.7360195615893261 -4.144290514135351 4.328438304511939 -1.3833364838814837 -3.8084662605644715 0.7816476804335063 2.178491189179263 -3.117557157784691 -2.0043218927282913 -4.374440038226694 1.7976457283487586 -5.105111266518638 -4.725460966325424 -2.132881320019203 -2.2768563823855748 -5.536309367289702 3.0342354484572613 -1.083015335887193 1.1586760428925513 -1.18856460110815 -1.3483526069642868
-4.461644563992546 -3.423753012785646 0.9710482946123522 2.60641661174015 -3.167436962444765 -9.466733530974423 0.5662308432759229 0.029481519466650546 -10.02479853267359 2.929435491626431 8.225604058629427 2.2928622531681384 -3.840576318485034 2.9449804669288575 -0.6108447992126363 0.4740049291296482 -6.831328221972694 -1.7483754687074946 -1.733908254145137 0.7712669580538352 -2.924511926374697 16.54681004432907 -3.199609902795846 4.8432206577138395 -9.816398336032227 -6.1748823378048945 1.4647320112236462 5.519333056975835 6.266660671643071 11.29533657137485 -5.209780069677949 -7.727850123802655 -16.487718388408563 3.796687877430863 0.7835647263764494 11.69503217749839 5.171433541640172 2.757136831733542 -3.559080465188811 0.6527000918860933 -16.884528377244642 -2.993239237968422 8.079003158259933 1.2913328649851432 -8.735499985244985 1.4053602990595748 0.45730104735576327 -5.1780137085203695 -1.3115128612064764 -2.327136816341584 2.5297495048586445 -3.521539188543143 1.3614790111123072 2.395726148775249 8.678118147915738 -2.731519694800444 5.210431397674729 -12.823987144923784 0.5851807619101328 -4.355099489833838 -5.615639044868947 5.426009029425012 10.218375235600023 -5.459401045461148 8.558661766894046 -11.067449098029048 -12.511168611694242 2.9553376890634735 11.587185506373945 5.172619074394858 9.022990072352771 -6.635981401640723 16.93497182054757 -6.492719124621979 -3.9821409415665445 13.803548591352632 15.840645200504975 14.507758828747948 5.888218886286276 1.273701139653928 9.318033969233204 0.7207841976469646 -1.9848761240495658 -7.462055774519797 3.8106581393548846 10.036647112598107 6.07910067236233 6.459395673893029 1.5308870053904793 4.900417254581708 -9.158583547056843 -4.5695631311712415 -0.2494276272810922 -12.684459014260597 17.531102849980257 23.1674304294882 -6.210154281931127 2.6838933084785017 1.2108963574492941 2.570642189464892 -7.836062880351912 -6.844438726125137 5.742406522902213 13.028209248042359 0.3862827868004295 -5.356359411174401 -3.160253422920993 -9.757907431394433 -17.16606711954315 -5.262023759134846 -1.1435981109215965 7.808795409460715 4.630594006564315 -3.2903834396703777 -2.48775522065115 -7.565951608260679 -13.991341982702066 -11.177372018728617 -10.188889871443582 1.3728092093576012 0.5959181208483311 -5.189948578681672 -8.297177531918317 -10.404759537335913 -7.2204644145477035 -8.072787142027934 -2.059437506753962 5.207169102330828
2.733031452338032 -3.1153312191942635 -2.2639234890215447 -8.49034361318456 -2.0913580298546344 -4.170589771282678 -2.2316842182580694 3.610274695767619 -0.0001811277222597736 -0.5427914843309726 13.744235719501146 -0.8992415999734518 -5.276912522306557 -2.2563924541191196 -0.577510835834043 -0.16818619808306767 9.110607409763155 -1.7787551770627956 -3.044476712125628 5.880327036140167 -1.2421953725421566 -0.4551607188456602 -0.3265842094463622 -0.5591362430910795 -0.6522915880906592 -10.652091784839623
-0.8207989330682537 -2.4602839587020178 -7.483594440257356 -4.2943004342567495 -1.1238010264422589 -7.5663587245468475 12.448114819391598 -0.3720196476742778 -1.357535719217845 11.832165419576809 6.6390455799302694 -3.304923785829449 -7.03514180661085 15.23452338507731 -3.2562973223203153 -1.3299150987070292 -3.8967788933019034 -1.354630649556386 16.442198666420563 -3.5325086454317014 -1.0555037541883698 -1.385593993749111 -1.0736575089678533 -1.175121373202734 -3.3977360113019337 18.51369415368613
-3.127417299621896 -4.929082621816782 7.206836883271922 -3.6892277243617575 -2.7590282169744995 2.0121387536476223 -2.50073010078411 14.687208140996699 -0.35201191763707185 -1.1156774927343804 -3.703377337206487 -3.474367332869457 -9.861723724325548 12.613218447818394 -1.8132481463900092 -4.731341105977057 -2.0690494672772672 -2.5467704432823095 -3.2971742784619917 -1.645553380020658 -0.956195761628383 -2.2644431018359525 -2.2471602298202686 -4.413202969384649 -0.4729992647185626 -12.129895056941471
-8.459244378741898 14.467716853761623 10.028848996058922 -27.50687488248093 -8.813688154852485 -11.954118663208567 -12.610819228921342 -10.340484467711553 11.149116572544223 0.3981769209550418 -6.912130617179881 -2.6601223054533922 3.431481227863854 -6.865271060491862 -9.38131535914358 11.678659452992346 6.253486556776041 11.946227170810548 -0.6452347920273943 -12.01367714959733 5.609659006329935 -1.3631893542294509 13.488978311573389 -5.530772102486146 -3.8780508204221316 -14.134763469962136
-2.923421342489973 -2.1956692206688655 -0.7268631892055771 6.155338337945117 7.836860272172752 -2.4742315331085702 -1.0122307454353565 8.48328334332887 -7.18227493199998e-05 -0.5913452043429941 -3.473227954722507 -0.8944310046057233 -6.809721534540764 11.98057731320148 -3.3716969628168663 -0.399134692122175 -4.022656215159697 -0.21699644143054866 -3.0531943673773916 9.752589724221595 -0.011701305783845893 -0.4645830090108258 -0.46372877484035524 -0.7654285219419874 -1.5518981682218904 -5.729252036494871
-8.978088759457496 -6.280710088967064 -5.3702717271512945 -10.376946828044844 -5.412979432036608 -14.24161483883232 7.300374480344671 0.6053850910740382 -1.0603778048483783 -2.0531041392814613 -0.9029087965740028 -5.777542948305541 -6.762595684139532 6.870100652445714 -6.132479210947992 -0.37212730521879567 14.650864089529001 -3.4233964118202747 -4.39010411976637 -9.506527712420235 -0.8526381568577652 -1.4253914084193708 -0.08072164617351289 -4.181608789002274 -2.1927231814977435 -9.204673448151484
-2.6926748814499124 -1.794630456908691 -0.7812142271753284 -0.6841125699923227 -0.3237039721221114 -2.4523955347731503 -6.146239929624797 2.7978044887161047 -0.027960415330512252 -2.1440331690954095 -5.410063987952311 -1.9744620946786855 -1.5984211964885213 1.129175116708719 -2.8722409736603365 -0.12459810274136529 -3.5499927957449158 -2.3253156935559436 8.580905252856224 -1.3601230075096975 -1.1767078070648023 -0.06091203233228165 -0.18235377218057025 17.965010503254057 -0.9041531591489886 11.136825558229312
-2.9187670465028437 25.029499763861285 5.100417796365641 -8.975273642294335 10.492737345181087 -0.15069906741888767 -3.4292683876261183 -0.47777291927363746 -0.010733619857763914 -0.4675020921860149 13.261180470934027 -5.60219110735833 39.478744390780015 5.342395554611753 -5.07365557452744 -0.37129302888407095 -4.758299083911108 9.224540740940434 9.287012975100282 -6.1627118450342415 4.9370782773655 -0.09476355449667509 -0.22103075122384963 -2.398984169095057 27.53086698429518 6.752922264180049
-1.7315257470351448 -0.6303000674171498 -0.00405468717749148 3.792471581419598 -0.041838315316366816 -0.005579444853955406 -6.289661038700655e-07 -2.7973388959259857 -0.0001574225316553761 -0.5712846252840567 -0.12334200351406732 -0.09901453667656192 -0.012101948392621952 -2.8045357365773853 -0.008199248176572903 -1.056712599836421 -0.08245526645224037 -0.03247786516282942 -1.2230247662935887 11.479013319699465 -0.0005623072502319043 -2.870602548183337e-07 -0.0037200097609771192 -3.3702155279442167e-07 -0.10928092005794578 -0.19341658188095506
-0.7525188102867255 -2.6483595091581305 -0.056604721841752206 6.906826349791426 -0.017300671275402822 -2.3401876931751646 -0.4792605034914485 9.900918836284825 -0.003005704689490114 -4.799565798164329 -1.695360729443922 -3.9008817606451047 1.8018392941817984 -3.8079570066969715 -2.3012849667375694 -1.7168301118991014 -2.280481879010761 -0.5594737895808448 -1.2448434798821728 -1.3942703676102681 -0.28840069520779593 -0.07799865294770011 -0.007897940509050313 -1.3727055942089883 -0.6956615007293566 0.41419051674151897
-1.4021108556452186 3.213139698847544 -2.484814538909989 15.039616224447466 -2.3216679257761603 -7.27490001590654 -0.7274409242802228 16.64156820710844 -1.1168919794254006 -0.6611254782044036 6.6909959886513395 -3.863468723580419 0.7583864162673557 3.6891495358511497 -1.855652366351269 -0.14304311491532537 -2.3964353284294515 -1.5259760852618125 -5.738094756299586 -4.70099198721363 -1.5194373088036708 -2.502717081530341 -0.2511842445691256 36.62152357416181 -2.1017506163091206 -1.3517978740412275
10.019389764668498 -3.462902361144078 -2.5552869304216532 -0.2770985687187295 4.018282941237911 -1.9063328862476263 -4.99493716980767 0.3529056978521713 -0.09451164778864352 -2.451595230149399 -2.928634567477431 1.3651203167685586 -9.553109078289204 -5.4211878607219495 25.91873211893688 -2.0466356737931783 -5.343688676526128 -5.395029001994521 -2.1124832547342236 -6.1429444038251315 -3.233499954158195 -3.791814399949445 -0.18960289595618113 -2.218511948968472 -2.9586162331443426 7.814453248174599
-5.601269775968334 13.837232430464091 14.200869490663818 1.6304540443437439 -7.847913368598311 47.84586485552103 -3.746710473773369 13.190352164794005 -1.1846420000155273 -4.301225031524026 -7.411560271665926 -6.091659711911589 -13.373871250252233 -4.2043449097047425 -12.29684413511769 2.965375807256821 -12.365799792203466 8.183160479590939 19.414948155523735 -7.094548192804303 5.702655782915777 3.9135945479314387 -1.277864772393425 -7.597244530226638 -5.8182746487334125 -9.445721353120776
0.751460346736818 -4.056843610106607 -5.821783021391078 -14.991707357910478 -5.911385528902198 6.877689148379165 -8.969115627632833 -1.7956052635007662 5.226018380684109 0.08219806376780149 -4.48829422647407 22.364742085284743 23.982056005894524 -15.2440605047409 -1.3728895721480172 -2.988360370662692 11.459706149025084 -5.698738115468257 -8.605157232748835 14.866436103043954 4.31826357957217 18.484232038257037 -4.493488766230904 -6.042653557011885 -2.303260657138147 -6.293811035229014
-1.594666156611012 -4.018955230778145 -3.8919026610409877 0.9951407295458552 -0.6282817843924774 -4.464840457260009 22.640855764119184 -10.198794910132545 -0.0025533709499745167 -2.9646116717333 9.288705170762967 -4.506162574535357 -3.940046187959755 1.7402711988663746 1.1491990997794255 -0.0852183076001653 16.34304317197333 -3.000256429010834 -3.7411892069658657 -5.522509348818303 -0.3343490801751334 -1.455017729429263 -2.8904935485025747 -2.8953456672792757 -3.1022110821705717 -1.3480873088033478
-0.05820115744470285 -0.31741012943050184 -1.9861255206132113 -3.756804207756773 -0.2856287836682296 -1.5917772159349475 -1.5712824331962878 -0.32186256590687756 -0.010481940545668589 -0.004316950101348963 -2.569370488261395 -0.27077862188776614 -4.200448384413678 -1.5257364804837583 -1.1941820852490486 -0.39520941496697387 -1.6793283221812878 -0.07092554183629388 -0.9405593381790788 30.538243104506787 -0.00497084013771236 -0.005968797289383862 -0.15396208277392906 -0.0436752646490596 -0.20836061282440435 -2.540546782299753
4.968225572320218 -5.566593898342694 -1.3374013173595174 4.290424571245208 -1.1610187680050947 -4.525585003655198 -3.37556942136199 14.284162830144044 -0.00023958257796553278 7.27353912468146 -5.688612892872432 8.674703179390374 -2.9672113318043407 11.093181973422226 -3.5789115889773138 -0.05106798667676942 1.7774399492579411 -2.4197698811751267 2.3267411906203375 -3.7708587830705675 -2.2646352478609617 -0.5670380226904479 -0.03835521592150773 -1.8134606607644168 -2.4043153682798986 22.834676712829918
-1.4895404561728711 -0.5439527248867926 -2.109926512431422 3.3451791357705822 3.7653811399564017 -6.461175156061362 10.585914493706673 -8.978675061564138 -0.013317953646615836 -2.0367573330242994 3.222710686587461 -2.570903251630502 -7.435751836324243 -5.548318561007274 -4.312100464052339 8.862176936535903 -5.55049463914543 10.818203578113824 7.23342390985535 -2.5481964691026753 -1.9963860087212029 -0.013622379830615865 -1.1071178469047749 -0.40548110067071363 -0.47019068362583716 -5.526802487433926
-2.735851093828856 -5.059403898303578 -1.6704733095316215 12.382881519757069 10.60638929658633 -2.4486758644342816 7.373779480392911 30.056481088158122 -0.0551054526889552 -0.6503100622949098 -3.0217413252512753 -0.41682427772562924 -6.4779132951968466 -7.045720270781263 -3.8399972120513173 -0.7826967331678377 0.22750648367032866 -2.775623401509716 -1.0209453289820805 -4.9507149866016 -0.16666756694211127 -0.333632212150451 -0.3625709690049343 7.882975777550985 -0.6123194451850344 -0.3621496747425423
-3.5048976900948987 -3.8489842583002645 -3.4250425667775835 -3.0463256627849855 6.858443276460115 8.081208702971281 -2.263828653007872 -3.3289112512813963 -3.6379078054436085 -3.231526480095841 21.875330957682078 3.8568383814217597 7.094499710538947 -6.228157702623121 -3.3038228090044486 -1.610380715414432 9.714610942842981 9.128235150327725 -3.3794523068951388 -14.785278422984778 10.027980860575333 -2.4869847303721526 -1.66220589386131 -2.310678416566233 10.6338299935724 -6.438439056544661
-0.34693270652442176 -0.5689438258343369 -0.1800351911654771 8.050032932294226 -0.9027075911348323 -0.4702384938173276 -1.7660005485072634 10.768262248696255 -0.003911874448544558 -0.2611575455763465 -1.6699934215213632 -2.0784774227443665 -3.1144908280535906 -5.927758996292147 -0.5801698089962524 -0.0007410331256578312 -3.7437902702575014 -0.03805935511552815 -0.638379107338086 8.320980400114165 11.3063097967752 -1.534716394879269 -1.6223903346696058e-05 -0.020452882381508424 -0.08758841047557164 -3.0882750047149745
-0.801787316347417 -0.9422026301912834 -2.016017998559121 -4.338189398862351 -0.37968210791542206 -0.08362227080639795 -0.9947160362923582 -1.029037653590699 -1.5020515352662636e-07 -1.0359461393184488 4.531112261201136 -1.2879065781814845 -4.457689641784066 1.3474243492199756 -1.591221081829921 -0.2084707402719971 -0.21352910618341883 -0.04579440265025354 -0.20346899585886585 -1.2175418137778542 -0.9391042192187938 -0.23078144058130398 -0.0018088636182285562 -0.5292763000867861 -2.2618770960503465 1.9704385236786441
-2.4022245951186494 -0.37224812885506237 -0.0951044189690213 -6.548730765398902 -2.7630623260281038 -0.3885198292921312 -0.018090691979203467 11.241532957761303 -0.0016202049178886335 -0.24105070537024287 -1.292175236452391 -0.4913554724600873 -1.445544536342487 -1.7405607521677582 16.403057215606367 -1.1126349110997382 -0.9140498184122321 -0.7053315254611192 -0.4900742382783829 -1.2056198360102197 -0.8096440912515225 -0.9965316261294016 -0.11158542655426908 -2.1932940034255726 -0.17421512482827695 -2.7248111202905543
-1.5150632459795808 -0.4595289653977253 -2.2247807354085594 -8.765116756545163 -1.192812026645717 -3.913732785933759 -2.094029808188991 -3.7006313463582967 -0.003250061968589587 -1.1511788738775377 4.7026339105320005 3.968392899226098 -4.9087179328794015 -2.926978166931158 -6.1773970252658295 -0.10840051764084914 -5.058926655102314 -2.038519551049701 -1.3141561820904097 -3.8825164453103502 -0.9996528160962829 -0.19192932716489897 -0.501804074331003 -1.824499009467509 -1.851159299966488 -5.094653014263198
-0.7819797154182503 -2.919948631981951 -1.0005739653529517 -4.836676792433645 -0.07956522694233836 -0.8285078449734293 -0.30575626732653893 17.713524472954195 -2.19748897816316 -0.7063410761755781 1.780434052422712 -3.45558944295553 -1.64041166759762 -3.516976821487652 -2.5037094256717967 -0.8826470789929145 -3.7298662281541635 -0.1434181072720086 -1.0998574186194536 -0.37581352105746 -0.9678582777489932 -0.1677299272095591 -2.0635079594409307 -2.557501234073075 17.581763980726905 0.5798475090367009
27.99160264406555 25.682985754169334 -2.361071298421088 -20.681794027454643 9.896848340262418 -7.031347673071316 -10.597737008593528 -8.75148073089415 -0.0012270493179302546 4.103842542050601 12.619561286580685 -9.154455074659857 6.793496241212185 -14.947932647668589 5.564310052326161 -3.392393881644559 5.838141847677387 -3.226050080009588 16.261665019527797 -10.307513124447851 -3.1821958663448493 -2.9160108980957253 10.234991939401148 -5.681320615576114 -1.8695777730446208 -24.827549290826987
