2.7630303705159287 1.8454425921377862 -1.9427189926312514 -4.326227858694794 -3.478754417450176 -5.671973469269039 -8.071255014872985 -4.325564212459941 0.21764535742880556 2.213032582939633 -1.7879869996402624 -2.1393477516197272 -1.0419926016176682 -4.17066332619703 -5.409101404258515 -3.6756650280252394 1.8965601614702936 3.132635444377291 -0.2765197612068226 -4.079610190761241 -3.6432991039906435 -2.331284893877939 -3.9119875427241704 -6.0228546069923725 2.1647796968211663 -0.9298418435059345 0.9251214726393664 -1.2961856390850595 -2.7692094513800836 -4.133227634403927 0.6943750795358441 -4.696205277387767 2.7014035835560106 -1.2466929108763891 1.9938390812835227 -0.6675726654361259 -1.585810579728956 -4.180676075246124 -0.8177833912655157 -7.273558835591271 3.121418317521833 -3.8499321923258085 -1.6959858395086098 -1.9994788918804687 -2.657208770111735 0.12448789104571245 -3.126121740105115 -6.091467613022578 -1.2543352269966788 -1.8052059734726367 0.7416641083508158 4.189866852874963 -0.29285458548690607 -1.8486054170695563 -2.3872226405402888 -6.920377404314539 2.565663513509046 0.14207026656569152 1.0669722378719948 0.13241163565071862 -1.453652913504316 1.2867998809349146 0.24739264361835073 -4.5000062310363536 -1.3909108663976055 0.5744017629594094 2.99210489969829 -0.16414536319060066 -2.889971933249814 -0.40408013024303974 4.389763671679527 6.3333237069229895 -2.7342451926945053 3.6787612161801433 5.457680643839266 2.3186153039844926 3.739329164718508 1.826665966572606 2.8157866399831937 10.49788209176223 -1.0722438924477915 2.1391285259816804 5.421078537997539 7.598164723983601 -1.9817584282707799 1.6605414500641045 4.781376519056573 11.920604445698995 -0.7134917735889741 2.725235056273424 5.443243202425872 7.776109343359992 1.4385686213590947 1.8084717064751863 8.045407428776095 12.350089029050984 -0.7320486059910257 1.6779540010428073 8.346506708859867 5.266671099229304 0.46772817621453683 4.425865272981065 5.0061107370435005 9.497273879258733 -1.1173446511154483 2.726045002090115 3.6221219043999517 -0.6976058793064923 3.581977387035426 4.377131666328445 1.1234090076457086 3.1693443611538785 3.4424106911031713 3.019784523017371 5.327563367751473 3.296909603427412 4.435785727569231 3.492700622779362 7.609356142170626 0.6269478657807688 1.7057275135681567 2.4403120902085735 5.929112596301351 8.364932211995399 6.928779422660611 4.333069908810061 1.5809297367942892 -4.2707926290677785
-3.780897746263539 -3.0946410152972703 -3.3104448114327365 -0.7142818251201233 0.18324144282807026 2.443487961619707 5.951230017833233 2.0030513269079706 -4.213816417880359 -1.4480304020925923 0.8118762891563714 3.9518135975072397 1.0560412881094685 0.4126593968724201 -3.395761769510879 -0.3118387251682884 -3.849251850068387 -3.0230699957966722 1.220538085254956 1.6205511927530174 0.9491079162448244 1.7526080557214856 2.741452472140575 -1.0286099848129915 -3.0350126144016736 -4.165361822108943 -1.3444572183051227 1.9437800149294633 8.914945952296529 3.7370740648445624 -5.545026616681552 -1.673051551931 0.31695848729890796 0.5483726324281339 5.2440800530198315 10.179415272550992 11.710322437689888 2.128901914693304 -1.5069392533252381 0.03873564731911272 2.963508876932858 -0.07849859041393081 5.914191229725713 6.529596698309323 0.16190902243562588 -0.5084656288172618 -1.9305162472497488 -5.109537812646297 6.1108695301545115 3.039928151416865 0.37455343894279214 -8.35931163287786 -8.93071046421182 -5.114192486735731 -3.7101443884246113 -10.155241162938578 15.941112789666548 2.329013480232369 -9.255177180918581 -8.051716046421866 -6.660966723704159 -3.6540759434659154 -5.058166329141878 -13.876386846385506 19.82395129540346 -2.9127677190799703 -9.612732138797943 -10.230438995632433 -6.057823294469904 -4.977638043367022 -5.901801661661992 -6.143545739520862 20.952690857875165 2.720330808389409 -3.3010401464325945 -6.890650039745755 -8.037751230919993 -6.481943430113493 -4.5757466141846255 -1.6247219471421521 11.645589572971536 5.8970005600304365 1.206153416791169 2.4969187072340504 2.2203622475110394 3.607042262282956 2.8699103334444667 0.9659822001804221 0.38871996107105655 4.78787404578669 2.5421625385848805 4.254415405587776 0.8661086850450525 1.4571180723176456 -1.4692631878705658 -0.9249538311797068 -2.5660968483112874 2.20500973251327 6.012112510818528 5.094517395544293 2.989817119709546 1.097353530891911 2.406064699690505 3.5887118619166163 -1.8054732886396836 0.9485950503986915 7.744999790241352 3.495233778042129 5.201954662774873 2.0757691465883368 0.7747528081529498 0.41309002555231045 -3.0723938407325972 -5.015271172687836 -0.32074156941685095 2.066097849865832 2.2256293238385205 0.8065054220359685 -1.7373741602408412 -1.3745356547527867 -0.4088644148389695 -0.5408616610957203 3.029127349026812 2.630666490572116 2.5274573502199096 6.7014309262219856 4.599936368106742 1.8365774354006037
-3.5551060235273395 -3.430284370357533 -4.998650968095519 -2.828687793970358 -4.115091744107043 -2.57707734816238 -6.645268024990035 0.235951874219799 -2.5108403555061 -1.5809769119771246 -7.518872697935055 -3.198261296288471 -4.574470467561909 1.6083442592383634 -7.732115274862353 -4.007937755516408 -2.0297002839500906 -1.516394498527513 -3.974260092009372 -2.000350230466043 -5.532693160287722 -2.0486188499547247 -8.06004998404737 -6.250517679874368 -3.646576919084846 -1.9293317512390327 -5.388063697935679 -3.8997362938082616 0.8680916909857732 -5.0725770973436095 -6.3879762592614675 -5.582959171045115 -5.382172167304327 -6.167294835031463 -5.200166031055944 -7.340625482028629 -4.183677426294842 -5.260369984802126 -0.29705978821748924 -2.3494017086737817 -4.766622145353104 -3.5326388420633363 -0.7576066124698566 -9.573452737721512 -5.867159325876582 -4.02594083146907 -0.41787151109779935 -0.5074256753803559 -5.889222503499817 -1.5799948871262148 -10.222941421183258 -7.342535052905964 -6.523062944384482 -0.2725335292826377 -1.5648897270336506 5.0501231381726885 -5.627825985632842 -4.148862111717476 -10.358897981223791 -2.2350446120739913 -2.8770493915513295 7.10146239412975 -3.06075192634136 3.21021011283216 -5.9935421335470105 -2.9138894034711655 -1.3411119030899386 -0.17086393636174924 1.3352969423701704 4.369508494470578 0.5376485964430731 0.35271681340653444 -0.4766559912032576 -3.0727982187237664 0.08131334765974918 -4.347305876280397 1.3107469542338508 0.8891811847337894 3.9397346297948577 1.2396264183643781 -0.1702659737387604 -7.476007568590999 -5.715025502692112 -3.7256840957361126 3.1061758684514973 3.606416067964739 1.9389069622237995 -4.226059843977026 4.003262804595774 -2.384838255007825 -4.521860633420852 4.299265048930106 2.8067509244009528 4.853877512853052 2.5484629070688594 0.2730041842720519 2.913204719645664 8.498219086079715 6.402542614548061 -0.6861732538823846 0.8342599907088837 3.746594257669102 7.747210979322885 2.009934771518373 4.110980168223853 2.39491146664707 -4.19074913546003 -4.598199570048858 5.611314043217839 5.645828510800011 3.3444059086595903 2.7522903822202425 1.0739013966827147 2.779593113330394 4.377745873837506 1.3208371727209036 4.265239875664744 -0.36936373959348806 0.5172264074591653 5.268609868799974 0.15874659457360363 5.344760536434784 10.056263716093692 5.007408521507236 4.902022121803032 0.051585832070660656 1.3921391736936994 3.1970212822307245
-3.3603313723040746 -5.534670954769288 -5.992740843642555 -4.112975883185018 -3.9909846474930277 -2.1137476809606275 4.582678350328309 2.123332978053378 -1.9015975072993119 1.093500342704737 -3.9384763551226594 -1.7428434148328251 -2.0289888034364267 -5.2641573236340164 3.2289473431556 4.09377425110609 -5.372288034702863 1.1668349500447042 -1.1557617572836207 2.7583885445440712 9.494789579865149 -2.269784828693889 -2.6647578599055084 1.537213988470715 -5.853043546800809 -5.8225311560946675 -1.585406729303271 0.07650744972885892 1.861059236339326 4.59457260471615 -3.8455649455025274 3.632318690430038 -13.218181959477512 2.1413281448687767 4.188153311797845 0.8728804975405617 -2.586786089508031 -2.59310998108449 7.409953915362615 6.867881873046905 0.5087561529491387 2.6407832133743705 -3.3282778441944725 -5.0702926818590495 -1.438596263677814 -1.7030779238779734 -1.8972483433158593 5.797049152648336 5.135526586293652 6.130158102262765 2.8436227790113113 10.493172836754745 9.672215688835905 9.949159717031472 7.550035045910505 -2.848771354376026 8.422496027991086 6.963729651887426 11.141558340489208 7.444583197685496 5.33923870295936 -0.4667629332985193 2.855312423317038 -17.658232787498033 12.188051857759024 3.950002673565006 6.929107283179894 -2.703178219904614 -11.439266604035 -4.276964256482067 -14.499904815120175 -19.926314305560588 12.225310310075571 -1.03556322815105 1.4855793606242846 -12.539719113143569 -10.206071862303757 -14.985164525228262 -20.148284287945405 -15.673060890605937 -0.6743260124074628 5.579609093156931 1.8225608659211006 -0.6148314281109779 -4.492180419014966 -4.7853468629978915 -6.562034457607444 2.012593627877814 -3.2512406694398046 -8.041011760957463 3.968131372288676 5.863383733755863 0.90025954137214 -0.06466098491818406 -0.38069014023487546 2.5562919386493355 -3.0768387368750574 -1.9492379830044917 -4.766888482030877 -2.122680631670979 2.1747697795129777 6.393086358464363 2.6128936032340904 -1.1024600980413148 -4.4453736945909474 6.338235696024508 -1.4315195275466526 7.240610462233799 8.654322908601634 5.650579629897337 0.9893244862413901 4.223029283863439 -2.801780397108624 2.570698869200146 0.8793960098473592 3.152140199986346 -3.5020197905908823 6.396930762381609 1.1856244476026578 -0.16989366508331438 -1.2154269546719587 -3.4877397443551 -1.6651916773658066 5.237286624190487 2.8991922610490413 4.258536142122994 -1.9980451130067507 4.572025712565531
-1.43338824691055 -2.2827737922355515 0.4253820007353704 0.7348856770436479 5.967984534758348 7.1853295675266775 8.213182527306243 4.040666793731476 0.876011889772215 1.5575907432746763 5.025277231747958 3.4499716018006144 3.4212566907755173 6.508559427484905 15.135867126630949 8.426540248111198 3.1731455109940865 -0.8987345669028135 -1.1106612588374989 3.1786320230691487 3.6885470734299934 6.061101550538502 6.978831701861781 4.101459175733609 1.474790574967145 0.4061982578130407 1.8602812177205965 -1.5145542806607766 1.7389133395745948 0.18935142488778287 0.270563359229189 2.7522371291587597 1.0899445468075026 0.26218913645945496 1.8788623967779352 1.5746166054113975 2.4861079265156123 -4.395268885220538 -4.572680125771054 -0.4693620045569585 1.7674137353357697 3.6241181675513037 0.9640401462253148 2.139000094546045 -1.946092020142804 -3.233220984482969 -2.9229565201401333 0.47741739944066336 -3.6456329782102546 -0.1600109920085337 -5.099987843920408 4.280506973655148 -4.3684961578562085 -4.9751018997584335 -4.385646815104191 -2.367276643711992 1.69920471954858 4.37419382522773 6.053125136760322 4.520024657537861 3.177911240314793 0.26810068026034906 -2.773365376285758 -1.6555485967589672 5.112543287688129 8.073289437619835 1.7985988709978336 3.6361142706296503 4.8392161869356105 0.8816339706114776 1.772125959453011 1.4001398965886191 1.4473565193548301 4.928422011557255 -0.6254507364177126 4.028948922102264 5.525717787325086 -0.08087466544160606 -0.842089614531567 -3.3931199534941445 -1.1873488165998445 3.1858009738845396 3.496080777575102 1.819424344687 5.004933963739386 0.15788212017556044 -0.9772310986918122 -4.715169551037883 1.1352346007806158 4.058406157546448 3.5301417668374517 2.0299498032920784 2.5566910419340103 -2.982377286415006 -0.042250856958833974 -1.6249439738934068 -3.035307039960002 1.5078135795339516 -3.119762420152409 1.4537300293358966 -1.1917788699418843 0.6415581084421568 -3.7906250331991407 -2.1298735721963244 -3.8367943516319576 -4.1789080197432495 -5.617028977723227 3.4126840573168424 -0.6536637074105367 0.24734422629380015 -1.9333768297485419 -1.7036141247211953 -2.278063630072052 -4.812212265497622 -1.896475681882319 1.0689600857339674 1.0029269238846876 -0.45307803305236266 1.3487371912096962 -1.1236242188828094 -3.9984322552349507 -4.455201869042038 -4.6650244137272425 -5.979317035075365 -4.584960156134593 -5.859886869946414 -0.6474407677231635 -1.1156966077283168
-2.1275929139564203 -6.925068567616905 -0.49414985446799475 3.0823066430029145 6.28739472093042 7.801172620461661 7.2618864803265915 1.514955026441965 3.154074876406552 -2.7789803243678293 5.1489292446615025 5.018184329155368 3.7917288043306083 -5.84115868869858 3.0662378861928303 5.574153152691229 -1.6108821741262622 6.640635573400957 2.064440210207874 4.4106676251968615 6.399106145400896 1.392118357941135 1.060501180972579 4.324883910202752 -0.5007759829502526 7.57515985523742 3.8931084892028482 7.270217366115546 -3.1507112079801063 7.621940791516577 5.134090738401813 1.7436644252339104 0.2467510813479814 2.38362814371318 3.350073865438335 0.17576927395282382 4.769930850741431 8.60876955318918 2.786365290149135 2.155426822443572 -4.5895024151387 -0.6033400631887589 0.8501223095288184 -0.24108288400007494 9.65781290213129 14.411685697133123 9.088178725093691 3.5643979990038925 -2.868401295393002 3.546025070954464 -6.27627015962554 -2.7386934513760584 2.500466857058522 9.709592076635694 9.428844506775636 -1.4135029130898444 -10.888967101375076 -2.753113248991435 -2.7878547590319442 -0.8378398510756013 -0.2936416760307963 -6.4636706083243745 2.929636132610081 -0.41109837584510966 -9.686488103616396 -11.785779845661306 -1.438429496951188 -5.532557551952365 -1.4376072216291074 -0.6083346648649776 5.810193770061872 1.8636962467639862 -5.919667057227516 -4.831530230538309 -3.957496386215155 -4.72062944236955 0.04220737900253191 1.3613357364382037 9.025067657687105 3.740493465428548 -2.7258422671368705 -5.409483443432424 -5.638032807775408 -0.7905027413570112 4.7495651111051345 -1.8302827559231254 1.9307083961906226 1.85002722957939 -1.1856064944744928 -4.050061487596912 -6.510283868222558 -4.747402492627678 -2.451266721054659 -6.210733538940045 -1.7477332505629388 2.9194483380168386 2.558433253767083 -1.0861423894564912 -4.718544111750718 -3.4180487734785414 -0.22174637452111945 -4.156119806913965 -0.3394335358876149 5.577911476920121 -0.5270427240456594 0.8498840771046994 -0.1224089218961003 -1.7451428469158894 0.6006448684865386 -7.285904381672896 2.5583845493653543 5.393885551498732 5.052659991761307 8.806853973812167 1.1527365671325338 0.5820420267491819 3.0709455365815694 -8.873956502408625 -0.35165289623418117 -1.6855339288423798 0.3755274830711195 1.9140091549731586 3.4968511316639246 4.370333547857048 5.326113620717905 3.4557955533960403 3.5864624261961024 3.4922378099512206
4.7046674365657895 1.2281104245323395 -0.18170373426954803 -0.043420897502621035 -1.4669519826684254 -0.18466852046198734 -3.22664011318221 -0.5099128398164132 2.378794702276527 2.2168692515375614 2.4352250784737617 0.8266407097894439 -1.6495427027397669 -0.8456858968142931 -3.9037108746991587 -3.113332772960167 5.136756281197915 2.4800416671543166 -2.1412763514938016 0.6524807065239556 -3.832471488919285 1.3412356327423103 -2.2351922664219925 -0.18547573051078914 6.3021452496996835 -1.974240583096727 -0.9823786570523055 -1.3182727010290884 -2.0463877145474787 0.885911477348567 -1.5685012245315242 -0.7442553968640612 3.552011944611694 -2.417985108658387 -2.3416140043492244 -3.4652771522211774 -4.142002731353832 -1.754392812391092 -3.019097497847444 -5.004249043523999 -0.8430724746822706 -0.8514718189005042 -1.0914411273417826 -3.0778030859444474 -5.4288314074334 -3.272766117424401 -2.6365235628346007 -4.483956722657584 0.10616691729996536 0.5537953479059896 2.351307036037445 -1.10048319526815 -3.619413354024043 -4.043651566469604 -3.4726898909046797 -2.3300200527654362 -1.8089154403233403 -0.0697365090055523 2.92593500241288 -1.006511390985309 0.3363480668550104 1.5150568523314099 -0.5589408898034023 0.08245880400129811 1.2792685334631497 1.2058409660869391 4.217871144813619 4.543844732143156 0.9825957763762112 1.4085115203498566 4.421281197060447 -0.8849981501344709 1.6259850122702928 -1.5008614370744522 8.458801086189943 7.412909750618585 6.756292702279376 1.6567035580241551 3.6999078161002092 1.442420962416022 1.2577547687828794 2.79990164175212 6.039566735351988 0.19496200541473874 4.5609615850757566 3.823369517162786 4.498644772124392 2.5667511903787945 -1.2768882289558894 5.997479482537466 7.537436789995998 4.0600648963197905 2.2170825547978965 4.949074513377203 5.336443574408365 4.576206203003611 3.8556720043538872 0.6870812695022698 2.897088952757911 5.702435098908774 0.2168687218635103 -0.2721334901725214 4.422719588449041 6.41491500522789 2.572374987684701 5.397602002391616 8.409947277253504 -1.0723044194022808 -6.743778966134015 3.688163518591295 7.503782495648786 2.1651455512079485 0.6694888489750661 6.506721790718676 4.208757133021759 -1.7127415359870775 -5.022214143096933 5.059917240504176 6.051414377853649 4.003451447536472 1.7660297977671087 7.181950140389084 2.9587532120647206 -6.479015481855798 -3.707480237253425 5.694978555549049 4.2472793965043065 5.740271400741819
2.899564456666707 8.578374664013259 8.898927229849638 5.777246523456078 2.8952002364557754 4.966854129062314 6.204863843826707 1.2640183975683583 1.0165694047802263 -2.069053097179617 -0.2506396628944625 2.194111649506953 3.3430859764849927 0.924566613760061 -1.911104364911534 -1.631589942461115 -2.9489596673911804 -5.441588154031144 -6.560919677786818 -5.401430425271215 0.25361494315897914 -1.1424773981830825 -0.7907596442994059 0.7922380034955661 -1.5702911772291346 -5.9398517245625495 -10.304157712866797 -12.046684623327128 -5.087127067896491 -3.984142861533031 -2.2007379692500955 -2.1286998442912193 -3.540322267436254 -6.047477857410637 -5.252786576220735 -5.315417759530288 -4.413182562080784 -3.8860241256249752 -2.3883432307639834 -1.0625837036296237 -5.4634380033111265 -5.726387039188477 -3.5915810466875007 -3.0825937285047242 -0.8775915914631426 -5.009513150439446 -3.5437335019909844 -2.5453008756468596 -3.5042562050692725 -3.5433530905564465 0.678988905465328 1.1447456991970086 2.3551198061867678 -1.523771571757964 -3.1424327859360996 -2.725487483611402 0.5903798465919152 -0.14865934305152928 2.920082587257977 1.2576452443262602 4.160836060863671 -2.94406366055726 -4.154500740790913 -0.8354419993780926 -3.1647619906106232 -3.875668170675646 -0.8441285688949304 6.027757378436846 3.7146480138032936 0.18380012818594926 -2.727979046724804 1.5068216650889634 -4.05193987958053 -3.5494111370887094 -1.7181303413498983 3.589269737288566 5.952958151357664 -1.4444591363853068 -3.8564017816345424 -0.10927002720472273 0.059802834000613925 3.121248872569951 4.255213999842089 5.276713266785426 7.508845245965613 -2.719428291149757 -0.7040646244007969 -3.1489361924545105 0.8939118921851643 2.221377002173651 0.5591107134733817 2.3305016677010344 8.68902952132764 -1.503668110621042 -0.3437993443653497 -2.081327036347719 3.0712270455173405 3.974052428591864 3.0560956735863076 5.22478935029618 7.180887944213293 1.2839152117936339 -0.3871099749297727 1.8380940704065485 4.6495067773090994 -0.03212202465020497 0.40330635521638647 2.6532917730273073 3.490528376393333 1.1704341627244894 -2.5980574500786755 2.294515171205176 3.2220934494651807 2.2774236812051853 1.1869608314151565 -0.22104578489606808 8.906716657227747 4.917578077632209 1.567082411351696 2.842204909516498 1.534443075369216 2.758251130434314 3.9472762178759844 -0.7505025874382661 8.011687916103865 4.816293153319671 2.8460600337076056 1.641873422575769
0.6797689289921711 0.490333247153419 2.788539261807139 0.7388919924656505 1.1960245874661488 -0.34038488792927113 -1.057317750940122 -0.38520094638813757 0.20824989794705506 -2.844655111335453 0.23965273444084415 -2.2935671252874075 0.06819404810577537 -1.075114562089107 -1.0455909496848632 -0.5351306796651549 -0.7215323042927018 -2.4075279540834655 -2.3904845044193204 -2.212968740336694 -0.619606521292405 -1.3306957312335106 -0.4596016725709555 -0.2902823314244446 -0.8529997211259879 -0.6610004906121737 -1.4103066922967924 -1.2503570933993227 -0.12918074269042742 -0.6560488545592339 1.0907097471825289 0.8401136491411542 -1.5092867583512382 0.5623268929185744 -0.7085009261206059 1.0781991576115537 2.084075907093657 0.8172128847781074 0.5593868083024941 -0.5662498960758843 -1.2702420788714843 -0.537470970336381 0.22399620860602232 2.263329457669991 2.872408697404892 0.14118955417897455 0.19129861322908934 0.3654788853452853 -1.0347779135166275 -1.561798311395586 -0.9261722201749757 3.69734520067402 3.7695274661970766 1.6454149788874712 -1.1964603918670311 -0.13367303176230133 -0.9995518704544764 -1.462081165546129 -1.9350999575863268 1.0280255272359768 2.275831268676986 1.0733202534003365 0.30528623547559314 0.6892335882633073 -1.8485887789033626 -1.8545301529805143 -3.906562468429614 0.3035243976845764 2.095164757974748 2.2085019954889122 0.5218744303214494 0.34084816244389066 -0.38764611898036666 -2.4288944420382936 -3.0859901267974768 0.8917584489200336 -0.7550481245808041 2.6181964067251533 1.3843276505322655 1.3639414051352543 -0.12675022737331149 -1.2022456531129495 -0.0662095633470082 -0.027119601476496946 -0.3516967086906252 3.4727519590682854 0.6136429712476039 1.1760297345124193 1.4206448894240469 0.6544500940958744 -1.2377560243331642 -0.9510380582244162 1.3678412332191654 5.425930767205056 2.9365957380814067 1.32321164437431 0.33050975569843927 1.7759216440702197 1.6765629385025311 1.3241753858558298 3.003954622221597 3.2872976288805593 4.05448865068546 0.6576643599543602 0.7316439496401581 3.017300593686251 4.1086813999012906 1.18088795248378 0.4895962106666573 1.5857511457583333 3.3010065683223995 1.2419363574966966 0.1295115659680778 0.2937126566764944 2.404618221811933 4.028125905361643 4.206606987744945 5.0653294630039225 3.678230171471637 0.9020449684446825 0.05084597789602347 -0.38478564912328284 3.2289645344713627 6.336097220102656 7.949433242087663 5.697183011828039 1.76487540607931 0.7063069915088938
0.470508498295362 3.4926390080474716 3.114190450571957 -0.48555395222010433 -1.1196959964777196 -2.0319862747708872 -3.1957512230453435 -1.668754174097788 0.5414701219491105 1.980774941457084 -2.6512743155002383 -0.18686721493683914 1.007620312709849 -2.136227716262988 -2.872401181660419 -0.839252011722446 5.707938030437382 -0.4206148652393899 -0.5194215977694348 -2.1402031738784415 -2.0021867660787076 -2.1023743228194443 0.5446161655087354 -0.1351835819373346 3.158114734748625 3.3978614941193213 -1.5541292825042357 -3.1453560439571864 -3.36077171403934 -0.16593209728059355 -1.4683513017407652 -5.171565631033388 1.7139984970613806 3.0900959495918543 -2.2776295064535232 -0.8167132847177964 1.1703897218453838 3.1962702295892678 -3.5435613148187644 -6.822920196774296 1.4569235826416476 -0.13536891345120544 -2.7310798508493095 1.3000493258845836 0.29473242225372387 -1.2902202799145464 -1.037477894293868 -3.058767344627437 0.858062079803266 1.003209677254249 3.939552863129999 2.188675449665963 1.6487980455083733 -0.3906153757966196 -2.847773677313516 -0.6517069459438113 -0.18128776974884975 4.569191426098465 4.767364863479568 1.698433308131033 -2.441329202458849 2.1933827074108 0.23236096400452727 -0.9934924193214544 -0.3772174362848648 8.340193914848296 7.145354076430101 -4.0675399677362645 3.4797785134101966 0.9373919539991663 -0.5801005723231073 -4.1642086069889475 0.424593441049963 5.63854768859093 3.632691208264647 0.0664923998443315 2.142837528775767 -1.6340117873690325 -0.40449598219732164 -6.423288701465593 3.3051702741953837 10.57313402197858 -0.6001354991995649 1.1473752554623349 3.3521463957774817 -0.3534725056206705 -1.2185240716727408 -5.047290124154703 4.661415111678432 9.159376756170811 4.338169768023576 6.912479587229377 5.307292345299327 4.520711242564052 -3.627236859580886 -7.303089008112676 3.291653177133739 2.9510070919679388 4.844952930618127 2.5034299653844627 0.6876794244349619 3.0442317003479005 4.415145111437784 -0.8571851691922175 5.197525514418343 8.248368118624608 4.2357857681185465 1.0365105148799552 5.029860739854746 2.671609311320182 6.4073319194702885 7.7185544137878725 4.651795551567974 4.057442851308123 4.82216979323297 0.3497443327441218 -0.5814320900267911 0.302167168976489 3.0236638835908813 2.5054441502666673 4.498494228047475 6.194620711550775 1.8747634534128386 0.2852314460177374 -1.755712513012312 -2.485372278816951 1.5085998179679083 0.8298916198405792
3.017806523120935 4.1446591389405 3.2445395648304127 0.3014981075546308 1.1689760186201368 -3.7426504871472663 -3.6586003718446705 -0.1755022728266422 2.305195220206675 -0.8650840055837078 6.027931704038405 8.280812456856536 3.483280165650513 -1.069980736719201 1.626319637147856 0.5231859395876204 1.3540009203956491 -1.2173980902859844 5.446232188131343 6.3830043227720985 2.9193067454470985 -2.068894856885094 0.2547139029459289 -0.6302335620942073 -0.7087468144566932 -4.462300144045874 3.785762807054574 12.285971578873811 6.3187318978591005 0.8515838783516592 1.5010083433375774 0.2740451419056817 0.33829188871067994 -3.309786472415191 -0.06242874212337732 5.639265524770002 3.758265052451426 -0.6467332722025175 0.8711849844695781 -4.786974187159027 4.223434339015739 -1.7794665671635663 0.6559692745115961 6.369795549245257 3.5190799956110377 -0.9404838751663046 -3.5192833228435876 -5.825504303769831 -3.3470238861403847 -7.619937764319198 0.7967347535088021 4.1380963884998065 4.567764783322987 -2.551396932825433 -2.8319066890130666 -4.058326253163074 -1.9465296222573127 -2.670266231525855 -1.829898919630236 5.6168636123298326 4.819989912871485 -1.6805962746286667 -4.937437546460366 -2.1631224575390697 -0.7837941631099328 -4.481424562629728 -2.3747297452979597 4.823797611286738 -1.1397051907840523 -4.066209051492428 -5.50089294616801 -4.57117705144676 0.5179231880964071 -1.118890495398346 -0.8281403424895536 -0.2829219547085955 3.4703209740619023 -1.3750941945949808 -3.7936204021871998 -2.4297032213965855 -1.8565968739596435 -5.499272038943246 -2.5806217510710434 3.3143106399197584 2.572219248181966 -4.531129889306363 -2.257981505393359 -2.0506755776885095 2.5636258897597712 -1.6095437120991487 2.516284899136926 4.40444266395454 -1.2932572562239493 -2.328609094556938 -4.229897732055398 -2.2230625925815874 1.0929639950695549 -3.1590465272693575 -1.2192235589768359 0.28447836952118477 0.24070512328220572 5.186220106228313 -3.1074688450265273 -4.888878145595845 2.0166864831450644 -2.1797112833668435 1.1922403693194057 3.320748991512382 4.528372344530049 -0.18395513378053974 -4.964517645140515 -4.052742138331352 1.8295856585668342 0.15813110779412548 5.581649682850159 2.9551892315740322 0.7635698340873245 3.181076984326589 -2.4147888118014786 0.050053095159524476 0.29290628792630313 3.589329828893212 6.432403819965313 -0.5445853100726172 1.1981996488332491 0.27045714805731497 1.858234962292916 -2.6556607430386703
-1.137718124368636 -1.0834520901871758 -2.0613865416575923 -2.3858856896772656 -4.069271970930341 -4.491259873713737 -3.6586834957851693 -0.368432100144214 -1.887685252011523 -1.5206985593772038 -2.801518775063131 -2.821701427508372 -3.9625457250068905 -5.074765630729251 -5.468105318809816 0.7674871495227686 -2.429139465747466 -2.8552587924548614 -2.7035589354543923 -4.932919554441149 -5.48649573315117 -5.721640859085612 -7.353274630061635 1.5231645885096652 -4.319277326799837 -3.7532727477885595 -1.9328224159771732 -4.409133662307298 -6.9270996496483255 -6.134392701150091 -2.3254277784425748 0.3396480654165574 1.910346771956715 1.3145504926488005 2.589073016067577 -2.803011024367207 -7.378141499368446 -2.2436849860779264 -4.225514785102899 2.363824044144623 -3.605757885272439 2.60825403149677 -0.05906606676790904 -1.361274345665854 3.566403824109134 0.7417186804332507 4.514650556264382 3.657490541163635 -2.3443803952846842 1.3791554590363777 -5.411770409884141 -3.85182476314169 -0.9487899652940239 -0.5152442167852724 -2.3884292002891865 2.92608777371528 -5.498987597655012 4.02868571804032 1.3217514317772574 0.052877337183412365 2.892641910213557 2.7777888655401117 0.4468767064042156 8.560697607070678 -1.024256126378118 1.7483049097447063 -1.3184419441503465 -1.0948734112799672 2.401097679192537 -3.6937991791214397 -5.624552100410786 7.731354943264171 2.1206869926047816 -3.3518011578158413 -5.205349120666261 -0.3136723237110015 0.713497279277179 -4.888132136650316 -6.972440094171873 1.9369738196294497 1.8463578341744507 -4.5875510795181516 -9.16122955643794 -7.568849778021381 -4.842623653002376 -7.862065860852985 -7.624338639119507 -8.788586577352323 1.8410128323036004 -11.327152931247799 -9.907554505347408 -8.518882779001745 -1.9704483785874178 -7.531916797073089 -6.294964669646085 -3.4850417143990233 3.35610032713395 -3.9040626479843317 -3.9640364103479184 -6.621886768377886 -3.0710101757124035 -7.016286029808489 -2.77760306627611 -6.478332913439068 -5.532460296569922 -3.6388423989698513 -2.688435834543891 -4.09111937985991 -2.6940290349138305 -3.9674645555419623 -2.7381056118067915 -5.615690637521147 -3.4902030855067703 -1.9545041551805835 -2.5075759335861956 -2.5538485830912183 -2.3679857798191284 -4.342093929874409 -2.469772867996984 -2.045859528499355 -1.6701482010853363 -1.4564283110102443 -1.4888253934293467 -1.6438347960312 -4.448123149371074 -4.9216128953384715 -2.5178012033825987 -1.5653496583567703
-2.3394708876264247 1.968140942279901 0.5802335471055555 -1.2708983895320225 -0.6176317894087353 -1.1759878157471004 -2.337286203609312 -3.2308824573603547 -0.7474301908169034 3.603601120286956 -2.004981444301649 0.816861157858205 1.938607216863554 3.5359704742371845 2.1768238144628724 -3.7706002558983616 3.041515930957665 -0.06075873884574112 1.805495823272214 -1.7199138723583565 -0.9543410893409536 -1.864856821955965 -4.075077898228982 -6.000817328645057 2.6185889596581187 1.9763500214259797 4.583021286723664 2.1539187562359206 0.17107352550841481 2.012368953307194 -1.6742014912906176 -1.807245870348953 -2.8812092729906227 -2.022456902155705 -8.081453906288194 0.38732964597418995 -3.8692622421383716 0.37602735837452106 -1.083184804975811 0.21535756292550046 5.579619975164632 -6.22396788455328 1.5740692491030512 3.663796666878611 -2.371505708744172 7.147158966177138 0.5194302870405734 -0.10922531345972986 8.994045330228769 1.426719962734449 8.014574873207257 -5.113288662188767 -5.7673878090916695 4.8455743544434124 2.4074168844291632 3.430329363699606 1.016766094259185 2.4082323463180426 3.1653288834295843 -3.226691462404227 -7.52552225335384 -3.093422484402473 10.051607706200931 10.447244753615488 -0.8338809124807485 8.222597725048798 5.49486898033705 -3.6956048876022978 -11.418801179578567 -2.920256439778651 12.963545578817627 5.1999182479133275 -2.4377503239902625 2.1626657145591617 0.939054640978954 -7.224793279116381 -16.242913315827852 1.2595384724228293 6.264514077606465 6.325795909264782 5.194297403291813 7.229816665931202 6.95302473899449 -11.957070070978693 -17.42293351623141 -3.066093485056009 -1.2278670061599404 8.872970767346178 7.996636381197664 1.187080475467675 -6.009040609412976 -15.599980975862758 -15.819616603125569 -6.907166082087217 1.0106713421084441 4.541013277001729 7.205091346294882 3.2365686260832724 -8.5677778104291 -11.653384616581532 -12.740200754160089 -3.492199844535847 0.9830912707795745 7.043055627387766 5.844672175159028 -3.2001329981836317 -7.7920324832688905 -12.14622154239245 -15.00959337923771 -6.932587916663546 1.3132286457961084 4.028097005692276 3.903357736233992 -0.17321089458027913 -11.74576202877346 -14.641861309074542 -12.403220092946242 -5.224558704679624 4.579846125400691 4.330448904846828 -2.921534238222802 -3.689478499058378 -6.277858772814565 -6.573598694114374 -5.764140921071486 -2.323711354221983 -0.2352197331781329 -0.07099368335900892
1.7235071863853306 3.1212622180761884 1.883799191641871 1.8664758463080686 1.0581067466720575 -2.010592172818134 -3.8893375524928344 -4.063372774288271 -3.5464413384398363 -3.016391646770204 3.117675927385624 4.029283779947095 3.132965434349045 1.751866664852629 2.4120708277418488 -7.452065804558311 -2.6803686785361474 -0.027768090998366076 1.4418240025713722 1.5601369092084192 3.3784316200778735 5.621401288746091 0.4655494325982672 -5.76432973191182 0.17941665892692207 6.482238507518824 1.2527474800950154 6.488746178891766 3.4514512538039632 -0.9732474697727724 -3.1660254409715507 -6.141648736069518 -1.590364093518164 0.6896885833013284 1.6350029776440507 0.3932311920130971 1.280059993665025 0.38356402440652726 -5.564004011346855 -1.3658331903766059 -4.805485071898036 -0.39658360705938267 1.0124871215229856 1.8257006581808723 1.2117234201478115 0.4170398004621285 -0.8313603030459915 6.396912425364049 -2.867162476335338 1.898199324308714 -1.0262604201278538 -3.0219729784080824 -4.094862472998343 -2.709887660447241 4.403292798640564 9.763482834080119 -0.2199264876593512 -6.119588555723782 -8.55380783414844 -7.625675282720649 -10.92525181085019 -9.136700457082046 -1.9571293811869168 15.297645845370145 2.6328726417504527 -3.572094997480914 -11.291821921041805 -8.486913154531912 -8.861266515384237 -8.99099040389439 -1.5180051236932994 19.195018658196506 0.46423016069671874 -1.7676027199260471 -7.79352947736287 -4.183235951502911 -8.515921262429783 -6.4948866885547565 0.3274806265662429 12.226908641040058 8.992728652257941 0.30774863329088253 -3.9217121182860866 -2.730431771321261 -0.570991808719584 -2.9979073212569647 1.1435464123102497 -1.9139032339794388 -0.3915917836527587 -5.152866900724293 -1.2642334566010094 -0.7424535008720512 -3.43749686434318 6.550152652423938 2.8290147666171266 -9.016199925440853 5.328287262657038 -3.115279481115392 4.41608777125218 6.113673056528185 2.7034291292545087 4.631935534781459 -4.061879510603857 -8.78214611276614 2.3131819151227098 -1.7738472702402843 -0.09122660088218026 7.340774127825742 3.7422929084521 3.8679000585750107 -3.9851465093692466 -9.287038791183853 -0.9264357035078455 6.738077923650965 1.094718122775969 1.8628794575520904 2.0982396476318312 2.703610083197332 -4.07586417454829 -2.53487832981956 -1.8172001466119552 2.2541491560612568 0.5175361044517688 3.6799342022495845 4.6684556488548905 -1.935585965658982 -1.2332187355543076 -1.2902548040344677
0.7425827255298014 8.57117300766478 13.155185086215765 14.368771979552415 13.383643632388194 9.182891943648336 -0.24817118481067937 -5.732103549343933 2.987083136476334 2.3517376055934163 5.276156913302517 1.6808741642222589 1.6629972480384583 6.6227536440228745 5.787757654812586 -0.20171252320772437 3.29998010949113 6.9950020762749014 10.768813794327965 4.700736215730448 2.412323476651547 6.025030121499553 12.241201112053691 3.1197430107575235 1.841146975332054 6.964910386168503 4.597571806239946 0.9605938873955788 -1.5571948050746847 -4.026011273809416 6.904804464898523 12.753370549166693 0.7588054510842321 3.5726370039616366 -0.06378287690864326 -5.351365029447379 -5.954615223071387 -4.077026883873818 -1.1845656130595268 11.096552790029072 -0.24473352056626174 9.743559550117233 5.237191336013029 -3.17657439013277 -3.9253183742276665 0.07977375957334765 3.294258352869021 10.881938608667806 -0.391674566126335 2.296202684350833 9.603614183124082 5.239013751370971 2.7318771821785433 3.0684308160093114 2.182510911575143 6.237269987354885 -2.140401707366405 6.742593300212396 11.091215288141282 0.21413412053753222 2.345356740512782 0.4606258357625907 0.8729497563492069 0.04638434658141244 -2.810413140738283 2.902893223348161 2.5237187241140893 -6.19578428962112 -3.257333944893803 -7.018057268510801 -3.6966426264967804 -3.564208003843362 -6.436790866407658 5.291254454538655 5.166765089087121 0.37486839350651335 -3.942485083252493 -3.6291733021107313 -7.150229712279896 -9.036524312871224 -7.289164954076863 0.2502251550457433 6.553891147356215 -2.55562441894229 -6.9125409077327475 -7.695952857205836 -9.90142952028818 -9.728734988566638 -0.055710740057544506 1.2361555536439295 2.359724356861761 -3.045513885682019 -5.73003211822638 -5.444925307568524 -9.579715131421214 -6.48578453304146 -3.4309809919354275 -0.7368977838511179 3.244253145773944 -1.6099280418665454 -3.6228226013073526 -8.490003570791595 -8.46090528922518 -8.786573249766633 -2.3422560419050953 -0.6801190855275001 5.227143031794632 0.3131552270737312 -7.067542685489608 -11.546111861741046 -9.66125751493905 -7.1098101002459995 -4.295041446470414 -2.933692390377628 1.1068378592872716 5.047453586764889 -4.729943578042595 -2.8192744180556417 -5.888065117668285 -4.721403534808446 -0.46080089070719427 -2.1159224043528972 -0.630276530979992 1.183196365907348 -6.111521854154372 -4.501734934304006 -7.179185731742075 -3.5142198492206007
-1.2748359034941965 -2.306328912005905 1.6216646627384537 4.905306787686079 1.5244522252708466 -0.15116668107008455 -1.3144873482696542 -0.19405106807147582 -1.0804315537190354 2.982538535652422 1.8773067712793374 -1.3588832848327688 1.5443490595517575 3.4744723979429124 0.07785726850916251 -0.31391562366790376 -0.8147768441987177 3.209290852383456 -0.8328346277520703 1.1963365763081204 0.7326866733241566 1.7722200542129596 1.6251321102709937 -0.8952428040559107 2.8898036736347685 1.3290218152419522 3.229313458408468 -3.2510588411945927 -0.7470207107658683 2.580317229146248 0.9911463350827349 -0.3022149530126208 1.5283211646058101 -0.7203042942012761 0.49005205997366363 0.9233541759011072 2.8863963159947774 0.8728820382790415 0.2335636098260484 0.7689174705679109 1.5105594743242228 2.6797548345207525 1.5547225081310834 2.8970291591857045 3.5576350653514885 -3.495076003535309 -0.6559959167653764 1.444653583440527 -0.07283931656992929 -1.4395743628717939 -1.8580734597616366 1.698259103637921 0.150770580527917 -4.090718208384418 -2.1384058772358063 1.799494776078824 -2.2391332095120053 -1.7848404059147762 -0.13795932672309497 0.2558578378547393 3.3982707161401855 0.7147798159296197 -2.0009572910971567 2.298730723374192 -1.6689398947894467 -1.4541512854937675 -3.7590958469706766 -1.4252772023606104 -2.5603127418509692 0.6709250429295721 -0.47074953158451666 2.942642724091915 -1.8682669616220822 -3.0366699700036643 -2.678069557625909 1.6731640075941214 -0.6851452898308436 -0.7256219106056149 0.40545505327001885 3.294632998176039 -2.3236825519068716 -4.3163672446973935 -2.6494135014455673 -0.5320978773559886 1.7113855563913087 0.22750737030889154 1.0775222394685493 -0.1329701028071622 -3.21146493687685 -2.4275489578938103 1.5376544290720409 1.191587697189853 -0.16787572122069536 0.6603326224977337 1.3833617922427865 1.9669057220452817 -3.160949570621171 -1.7694673831284824 0.4715673265359353 -0.861469898904953 -2.7020785515558723 -0.9737581800151587 -1.0541924013637205 3.489044169702618 -3.7577603641965744 -3.5194935782308985 -1.9355897226883865 -0.7283957983935788 -1.1389531605182952 1.3572119753259428 0.4965855093033764 2.6191218383224952 -2.681706365999087 -2.9136554095135954 -2.031468848264402 -0.8387627664331019 0.2297101161607042 -2.316637585166207 0.18299002154253075 1.2491119203215852 -1.9351359331517894 -1.5224504167372162 -3.744841035756314 -3.6300830454648616 0.11307749160960241 -0.13893386265220167 2.059908042426447 0.5908294952958345
-0.10586102082194249 -2.367271856468034 -1.2489071402210805 -0.9437207579804587 2.483437013357955 4.358056360132779 0.42317922658149465 -1.527916575460506 0.5519084319213323 -5.106385174858809 -2.2499521616294276 -1.8763710732195482 -0.43600435443763635 1.174647368791029 -0.46314010027572083 0.28084999273480826 6.295533963311257 3.3016902979635994 1.332817175973847 -3.1853821173226597 0.4704648254987678 5.2006893659724 0.9799256079096743 -1.100534167415208 0.5355326056329426 0.5839186309687204 4.643622736699474 0.2811144351305961 5.1973785278821785 -0.35984179049059173 2.307586104986248 -2.2426929631935275 5.214689767986993 1.0973993350832956 0.4704347284444448 3.1644201614815533 3.7388533140016635 2.1745828320974185 3.064002230066804 4.049456095750352 2.829486223999733 2.626515278999028 3.1001790602674584 0.6088332147242279 1.734388903415479 0.7008986769939141 0.6487865286973455 -0.10374153972712796 10.740954942418108 6.611044793654724 7.271643611157048 -3.95261647364001 -6.505553756341578 -5.672557879438215 -3.318328291024627 0.4898452872344068 8.549187005097174 5.522356961601265 2.1763572586535935 -1.767304450493067 -6.352103447844397 -7.096334006355488 -6.968968656298894 -6.875658599270471 5.320250954110904 12.000808760027036 3.7490130666667922 4.2457490322772955 -1.8800426142743576 -4.525559133461266 -9.188060760140434 -10.673690314390733 0.06995605958820583 4.7407431298208955 3.330729769490455 0.6168203998995492 -2.9804901755948023 -4.732068019928581 -8.55554787032113 -9.739718950985784 5.926007228146808 3.553640720731912 -1.770807734452944 1.8439558882245999 -5.4506040143108345 -5.307327578838271 -7.747989457345313 -10.816170950997183 4.377171579843271 5.746231392706983 -6.604902846171869 -4.432503239395566 -6.278674788192048 -4.976241724643627 -6.747912014590869 -11.345764929715479 -1.1070295762841267 -1.2865102616934048 -4.813735827503228 -1.3191683797390508 -1.1355282594141032 -7.704510960624345 -10.92581670014074 -6.743765141466855 -1.413018185554706 1.330256043778498 -6.78888067158444 -3.928979595975583 -2.0677534468285574 -5.398025519687619 -10.265664521252203 -7.630460275082003 -1.2450422834957666 0.5390746754278537 -4.1540068391360805 -3.4510690088025373 -0.061517286661975076 -2.220751504130689 -4.123499535649482 -3.0158045211998217 0.0031709672611708465 -3.0323730542051184 -5.160132484316511 -5.186735935635159 -5.577527049957938 -4.4328141927952505 -3.51989297688346 -3.542941185462995
-3.930661609723228 -1.1386596569392964 0.599721159685076 2.286367912143804 2.172553520229815 -0.010283508722372452 2.7835229253212175 3.2164713444034256 -1.2812124815450256 1.5541963342253589 3.314927707903893 1.8632006818843305 -1.73531179731973 3.765634909659562 6.171813678371643 5.482338391605739 -1.0398514992742591 -2.0922454645749453 4.03914201215482 1.3989462642877148 0.7252714271648191 -1.0620983029168207 -2.487917467645241 1.6827511250056781 -0.259723344353794 5.234435953886379 -0.7120336799854636 0.3112237093883126 2.9655730896573367 1.2939321005748619 -0.6905912080958595 0.31320734261560684 3.648766636673921 4.621854066589677 3.7910168142061518 1.3158599447037855 -0.8405114594391379 1.0492094736196482 1.4296714755654054 1.656166584701981 8.23114957770745 5.041262062838896 -2.8129803520436343 0.4726114470308428 -5.663933102680849 -5.125624812385273 -0.05487679777449968 -2.2672271445778556 5.201877576008601 5.816568809311126 1.3390488302037438 1.8032280290450589 -2.6651592735451377 -5.4992144709294015 -6.6532620319163485 -9.118124613675674 1.8894643837590634 3.2679411499892903 0.47531565562798384 3.0558387539715586 0.6885966885298118 -2.6042031712154334 -8.181292350259042 -2.35798947522944 -7.691062971675363 -6.180548828333394 1.8391363145099966 1.009251508711931 6.49624083367753 5.410530369413201 0.7094802671764261 2.294625028322074 -8.939597402330989 -8.03099546216658 -3.5533936384506575 -0.7440037950507694 2.440307977182706 6.208671090595196 6.057067090325928 6.507614545311446 -6.360121150978687 -1.9818386407282942 -6.662342202729568 -4.449377526834026 2.005466322322351 8.105107997602309 5.964721010497231 8.88641737377056 -0.5461348339092827 1.0440862715181387 -2.924721987915287 -0.2640476178783073 2.17074549257886 -1.6631164032792065 1.6837002232983966 8.875999991369316 1.7921340799878474 4.204397998588749 0.326753183609286 1.532936166024366 -2.5353653680832493 0.9847761967703605 2.7961588160585578 0.11166317072109155 3.572018965822731 3.219862195998914 2.6789404830835952 1.0402075733201661 -1.3915115787174923 -1.3558705013473282 -1.86780484743273 -4.147000902062658 2.579612915472818 -1.6955599852707162 5.494504584550892 0.38691947851876823 2.101957215190164 3.0318443247510847 2.8653112787720674 0.02459573981743746 8.336200291419708 3.5711895718679316 3.3071482207536014 -1.8761184020498434 -1.6518418103044035 -3.7061339942296545 -1.4388674297190687 -4.40809385871638
0.2353511374648866 0.5673305477138102 -4.060025980237316 -2.312380285477232 -6.69567389511132 -0.9954441024839245 4.014003497052043 4.045205312983692 0.01344717638555165 3.378922481726207 -2.4233922623098945 -3.4663691748647274 -1.4272707567051997 -1.2366587194763223 -1.7541778585083208 -0.26355303280948805 -0.3205996111288636 -3.7214132411975442 -0.721491384142914 2.502359911917148 3.3295124717026123 -2.248585438062137 4.128919993910163 -0.1525027629342442 -1.4896279809837492 -0.33944182995026084 2.231551430961962 -1.2160402483931434 0.986935511048616 -8.4554903962649 1.0500675883838417 -2.574148386075746 -3.2845113990574575 -1.1144756952237351 5.390277409947724 5.801122214164922 -0.8936751835324327 1.18732559944483 5.647179142057292 -2.270700922877461 -9.572817430877526 -5.65004991621937 2.973627994056015 3.3389788342819764 1.5347498481263369 3.176724709025156 3.927087891864265 -7.063813522997239 -0.6696457667549075 -2.634426298829643 3.100886799488067 0.09206009962788658 0.15754948694787996 0.45728612862935947 4.273392039972791 1.6933292879162334 -5.392068916399769 -6.71819929879144 0.7585733923971938 2.2874953438490464 -2.5504033985412704 -2.761215222562927 2.9385951572000417 -2.7947644424960285 -5.563921473204777 -0.796042374014192 4.271655777249498 7.196311836634897 1.5614251833992787 3.9459341499991085 4.19833977161584 -1.4697075709248872 -4.269364561338028 2.463650483444766 1.793943411771451 6.034939718315235 -0.2860019585723861 -1.5171597221492454 -4.519287448516051 -4.661942779416643 -8.449059745161813 -8.723014641872357 -3.688252099173485 -0.9538517605816514 -2.4483550825122133 0.11051935154222962 -3.268791086195975 -6.939139671503499 -7.92789909275426 -6.0946700889493775 -3.260867747786864 6.106951691142829 2.5759786152149102 3.586550413426753 -1.334289461894721 -5.443638363401597 -3.4683461370341404 -2.487167273516968 -2.4725328974777425 3.8766474016367107 4.853074109838003 4.239602528951971 0.5342763455838654 -3.5621090994575595 -4.141009949338331 -5.020001116475505 -0.582069786160966 1.5876354276839477 5.51056279579438 4.050098717636805 2.7841152229068826 -1.090783507182976 -1.8234951768788612 -5.07693875383313 -6.812473689353109 -0.4399059389698061 3.7999734591581245 -0.7427382235604408 2.284230654174004 2.0006901422995638 -0.23287486103488425 -3.2327000215739776 -5.509063322058641 1.7438704518265347 -1.6399092872056888 4.989328570851771 5.250493943038595 2.6323190005962003
-1.3615969489699578 -3.3883748822660893 -4.723190230797352 -4.628423796652226 -5.0326335529938735 -1.3834226227096404 1.1990625781659465 0.17664391500677634 -4.787120382557541 -3.1542362064629965 -6.67179339422651 -5.958139752209777 -6.817606416172893 -2.4887236148123164 0.011692555561104262 -3.8499212059517554 -5.68741860972044 -3.5517481954092887 -7.127961547559154 -6.011849316337045 -8.578144988284683 -6.2509613797887065 -2.494425944607839 -1.4843963586633855 -0.46054160690069407 -4.874955470069218 -10.174703524470491 -9.632609284637152 -8.139010381207529 -6.731653409079794 -4.884715863281872 5.064674688771678 6.319530532931917 -3.987508108120077 -7.571639519002344 -11.486948054553123 -9.417182532135048 -0.11385098888307205 -3.870526219437635 -1.861401604763301 2.555711922094661 -3.4857916668634914 -11.276539908054334 -14.766885757603127 -3.680949953905373 0.5852783496398002 1.5055378735577583 1.0702653373707927 6.131960847289391 -2.7155827821190504 -10.631211136395187 -7.149759261521833 -4.875229906873471 -0.8448476158236594 7.360423354974753 6.446268590065758 4.97345555570759 -2.0836572920670138 -10.583190406323299 -3.2376390675393267 -0.644499100205235 4.283854951037663 4.702108193931882 7.68535863107145 6.485538066635644 -1.700526136944286 -10.409236325970767 -2.30677485878926 0.9498941245742092 4.893021062160693 -1.023488226176155 4.610016038118813 6.601469466172623 0.24539566561589737 -2.288970245846428 -3.5340197219020957 2.7649832437505557 11.159733589621444 5.443686430830541 4.743311070086068 1.9001152301704876 -3.9683027255860144 1.24956634962661 4.326187289815589 1.648469485871987 4.345595486735271 5.403777255123386 8.757015830666093 -2.9519249050733465 -4.633550543805692 4.314606857365427 2.1406786214262543 6.805707465335986 3.544444654198855 8.138102595468233 4.634073500680731 -4.125775528290211 -0.45231386915759547 1.487889120418337 1.9405970046784424 2.5558985609943257 1.4760039813950592 3.27594067776176 -1.8390393256467203 -4.5676394554279165 1.8818824131939849 -0.7219810992636133 1.6110485535142187 -1.0008644940528515 3.18344640178984 3.9356192114683566 -2.358620637289712 -8.255511946494309 -7.392375879773316 -2.311242405507694 1.651771354409924 2.1914353753076106 0.1082904062405759 1.8751971557555758 -1.002420718287852 -1.3796212961063106 -3.8983788826168126 -2.100429472405957 0.3510417281965535 -0.7230939046124195 -1.1680072420208116 -2.4855812837434343 -2.177181806320222
-1.390766038080564 -2.2380637199338804 -2.7570634011264747 -3.815064583858403 -3.5593260302090126 -2.2819779286379624 0.6136976917856946 2.9284891355168208 5.524284650455477 -2.4138444743855407 -3.3770074979346423 -2.9826227985845724 -4.404965133378041 -1.5900239974235229 -1.4510530300879914 3.651525859191857 2.08963352730279 -1.4029924382463885 -1.4263840617754384 -3.8712241324854055 -5.557188785852301 -2.6763377702444946 -0.31299226462758684 5.364341845879576 0.44786204809346253 -4.052310313491567 -1.9694188642501125 -1.5172880766318366 -2.6995078922871447 2.488739519373675 2.3923937751939706 4.529039592035261 0.1755911485902852 -1.891136055990881 -1.068960471415458 -2.9034408801878575 -5.197519880460016 0.4648056594902971 3.9564074850688167 7.302768617595726 2.47922005804195 1.6364492996022748 -0.9838754969250083 -2.2383377490652436 -3.036872878555661 2.5197247344211693 3.9565228000649486 4.212515878546905 4.384935781821066 2.0314928798320384 -4.054567490747143 -2.1576118798359665 -2.4844521936306214 3.7105414434912647 4.654288627665397 0.30114042158971677 3.6959254477832832 -1.5689654729941376 -2.232304320219673 -1.0997276810084728 -2.19262649680037 3.8938200011556447 3.951685453402617 0.9078923266488957 4.782016287150436 3.771093511393834 3.7119112513015033 -0.5456311009137481 3.033206140375033 2.446975351357097 0.5056285932170691 0.6905269128284871 -0.3857494527930066 5.21057068225242 -0.6828518074271636 6.8025674051125415 2.1341915802965303 0.44296415800250055 1.9225948870801084 -0.41404672496517764 -2.761517730464813 3.5117238910896025 0.9623518925659597 8.212761466355595 -2.8875319792601823 4.410058305585358 -2.862726411149536 -4.540762943445023 -3.451595510186541 0.16193842522573873 2.0186860788451333 5.105970438810511 3.5428424720895744 8.970664101286335 -1.9987086516293937 -3.6270342894993495 -2.7143633405116723 -0.8542083140354593 1.522264848968072 0.7388443825328462 2.674164086998173 5.873296646302921 2.3169319024541815 -0.074658138940194 0.6275438318024562 -4.833892836834889 2.0464031765088175 3.7523020569959624 3.8828672112368854 4.3349401572925075 3.9105261623891843 -0.5121012581485518 0.5261418308019881 1.249443915713558 0.39609444977982494 2.147595955029465 1.8649640586420215 0.701326343801024 -1.088485897441327 -1.053746069616514 -1.5110463849447096 -0.7910333375789065 -3.21296586739099 -1.6008850304132944 2.247491903348882 -0.3271871455890622 -0.8423875235924699 -1.9065217195587891
-0.0025237073922810844 -0.0019849912189472386 -0.0015079993339346114 -0.21185178447824704 -0.21046579131273885 -0.2100521401054248 -0.22175509627727288 -0.23372262379319972 -0.03867300034567859 -0.44594949405429507 -0.32404157109844195 -0.32716680157059796 -0.11625485031377157 -0.17412604745990135 -0.13795462650326687 -0.6781185829805149 -0.4710473378299184 -0.7685760737198286 -0.776147194835142 -0.44365300360236354 -0.4092314633678949 -0.44478417582435675 -1.0852210314411115 -2.9362575432334315 -1.0024177536831318 -1.0691221324076705 -0.7251534274793446 -1.463291852910352 -0.9204621141355538 -1.4963221773654438 -0.596936114786868 -4.548513916476974 0.24434051732677442 -2.4513179612289258 -2.2428001567483626 -2.5970435943348136 -2.245243515866212 -1.9291276201447822 -1.2838844778259082 -1.606131719159202 3.6503602958374475 -2.813209663848445 -3.90449605690578 -1.7963682181029683 -0.8130392523100664 -1.8622061410082027 -1.6880839710603037 5.484344936385442 5.711918723191983 -5.784823048180498 -0.006400711628523554 2.736336298222393 0.2984400926721285 -4.611213341425676 0.41181289123190773 10.89672051825889 4.245347597758775 -2.589308090790299 1.9890075719180353 4.5761368478494155 3.486419965178875 -2.872661486276338 -0.17064725278691736 9.745673093535185 1.0753028825350355 4.640597733530781 7.0432013141913385 5.560878712053537 8.24651033305067 0.8746794499121571 3.0962825108974754 4.7268822085591 0.3776850669575734 4.798340150306737 5.044556379644039 3.3341507526790104 3.5295686340539056 4.310504069913019 -0.13751761303076968 0.20438964750835154 -1.9595412875675284 4.879053836116845 3.691240332813741 0.7712874979698984 2.7793275461874987 2.4991342363376674 -0.5921053917955235 0.6306134945764339 -2.6833291853607806 -0.8105525902529283 0.7567177799572599 -1.3167872860198861 -3.854092551323254 -0.3405846799569139 1.4667715652095117 -1.7842826365237878 -3.8542287889769375 -1.9016800393949094 -0.854227290172777 -2.6290639251089107 -3.2360522932318774 -2.240874549555392 -2.0665189317282615 -2.073444417423326 -1.2143188772603875 -2.354373144528854 -2.0373078623566805 -2.9777925436442616 -1.8118074383561276 -0.3266337118123032 -0.20678529180600988 -0.9711792074145155 -0.999028797740524 -0.583978325934247 -0.5863859365563634 -0.4941345247561037 -0.06518635659024447 -0.08827035909578337 -0.10476185129574421 -0.18241331911601913 -0.0241087607869921 -0.010481661387749683 -0.2071745844806667 -0.2128047557412579 -0.008232542354160759 -0.00805826280063504 -0.011747845260703731 -0.005968611483067444
1.398868037179364 0.07046167832212298 -1.1431650823678305 -2.1590711454747415 -1.6847578648151473 -1.2573737114154386 -1.1533240692447266 -0.25409339789424756 2.019190695706417 -0.3174394859299909 -1.9948162210265359 0.7689379353210385 1.7569552220539346 1.4937128380209617 -1.0569460236751336 0.027150472824441496 3.5204532087508698 0.946732255436613 0.8692780809618188 0.8131664568486959 0.5536184264449692 0.6163272601221512 1.7883604270769309 2.2381523487292303 5.756187138580433 3.6143925646583535 0.6268480163899985 0.2484520263781702 -1.8082020619368655 4.906606126802124 5.245970397299482 -0.19033450211941003 1.1951892175656607 -2.7250839905529975 0.1869151186677829 -0.1078403883700414 0.128313782773388 4.460340161771469 3.1809908426903957 -1.4843689248433227 2.015106255476494 3.5296161738934786 2.3973373314764057 1.1549180909656285 1.8853352759880042 1.7820499429121726 -1.8253638998213106 -3.979990483144779 -4.010780128074644 2.6019553794692047 0.12219644547950614 5.8103965365489945 1.3356584773280848 -3.0012734031100945 -2.3580526551793617 -5.218325850531771 -5.614246102553812 0.5161460075867579 1.9812676185165397 3.810021941348046 1.7729630156056055 0.45636674912950226 -4.090562040071161 -3.9030465169892037 -7.678572659746862 -1.4646832169731434 7.497076503494277 9.82223295495567 1.8915737189190098 1.0668386621730686 -2.5091066330794027 -5.569277733626843 -4.1007907198581695 4.020239511241854 0.4470710975573875 -0.41386054912026626 2.1657463881638046 5.525276851606934 2.278943456861929 -5.026317956857327 1.0910934976460798 1.5188218225662462 -0.7373004894592503 -2.7035515818886924 -0.37183672745280033 -2.2927164919660914 3.496014185081906 6.664936548698896 1.930934510108835 5.009402272362272 -0.9175424154324076 -4.510052835325756 -2.4513459537093834 -1.0316529504214191 -2.46237969970817 -1.5523622112657611 0.07041478273956825 2.4740345710206055 -3.624525896220767 -2.5234254996647834 -2.1387321534502965 -1.5980933620979518 -2.61960391603486 -0.6087691722971261 1.3090591257327977 0.7692328261727317 -2.2399303377575634 -2.48883246959643 -1.5804340775615406 0.46842148281355295 0.8818246324284714 0.8057078826953409 0.9277518005738715 1.1477719730207403 -1.1443694514786527 -1.6181551128710785 -2.275619316186536 -1.2553717892777763 -1.9595263168045822 -1.9762405564206798 -1.3006319158268094 1.00692185804906 -0.7650629523416455 -0.42939729289823614 -2.128906056180866 -1.694011648365587 -3.5977934753505822 -0.970419299495059
7.589870937507912 4.110364692879469 -1.513401645037026 -2.9436710895059615 -1.593173377293212 0.1168573215603716 0.9133397199331923 1.510620561420414 7.7598830993457755 6.740443815024458 4.880900197613865 -3.002401158146908 -0.23968436008601726 0.9424473221764024 -1.0576975587816895 5.022676844782999 5.009639876993049 -0.33754158331229145 3.7056128243486954 3.596642779328946 1.4592826707830402 3.635853938728869 3.9563920686819096 2.7977782563523377 3.863830751787014 0.37689886305912684 5.227252194423938 8.153016120237735 2.400012595331528 6.428719616626393 4.00064449863164 4.059078761297988 4.7000164551165025 1.4997109811049 4.7073541026407355 1.5037775982612758 4.972384330348604 7.701523312913884 2.8437183966234056 0.4978802420494727 0.6124612860608544 -0.7950616536963041 0.8120610282108276 1.5754737919293669 6.398936081106256 3.432519465065487 3.5918185584440456 3.216477881782114 -5.836662955102663 -2.2927956667140728 1.2508008127562784 -0.4955613212524877 6.298499293516229 3.1211318199366103 2.1925504936005 5.528064347219824 -8.014845511100205 -2.1238011142769846 -0.8431784486054527 -2.197991586097445 2.725685867587069 2.2860679312476253 3.4270796307096716 3.8298984268636342 -9.891329216944799 -5.292705934930677 -8.004640483194619 -3.586409174400963 -2.334137688793385 -0.2517847593492895 1.4314832899197105 2.7964322838301565 -8.396722335470999 -11.480994957127084 -5.294110368216318 1.2494615095060428 0.7529416769360031 1.3854720593970486 1.9049632216410894 3.7918611577612387 -6.810942255836917 -4.652415447234871 -2.0234122227090947 -3.036121294703218 -0.6143390032617343 0.7689229553274813 -1.8413822438694711 2.1741757519580256 -5.510849484437341 -2.5799936380564192 -3.992648400084751 -4.602234879530837 3.1582516060146744 -0.5185439664304892 1.1325932840878166 3.482581393633282 -0.6769885737010547 -2.216852420247841 -2.8193587363237813 -4.657196972734138 1.2953690909866629 -5.8581390598452945 -2.3564769338712255 -0.4511670824924029 2.391576605152113 1.1079419979331206 0.888379452692765 -1.5563062188021894 -2.3971883181977343 1.1410557340897904 -0.8302988398678601 1.8041134319867176 3.6137722386894358 -0.18185248414173794 0.8059883368032098 1.7377661982248884 0.7618802733913325 1.3186287457332322 -4.732842088435037 1.120212805160403 2.7470064947912234 -2.543642433524782 0.5099690649761235 3.740733765297101 -1.084623683997041 -1.187879119982255 -0.07565490592085461 1.8783204752950349
0.6006183082155319 -0.09672467017502098 -0.16894030624201598 -0.36948096653922224 -1.4457745524860413 -1.3275542077498255 -4.214586555537325 -1.8364323168824201 -2.6947395140672823 -2.4258414625161664 -0.7948174449581932 -0.5680198394520178 -0.7387393783177694 -1.2650986817973247 -2.2889513819267515 -1.7780192916587931 -1.4246908823835223 2.631700908555722 2.3827940081701766 0.08358799447671206 3.44553493641443 -0.2253259526262591 -3.208237334054017 0.5898701497210546 2.3387321586542504 1.4304082682570924 0.6287217475364231 0.287495970129937 1.3550698775727532 -1.869299606391275 -5.522301547466708 1.7630891439116345 9.184409376037113 8.022597869815772 1.5375267576653275 4.346308515537472 2.989092982872072 1.1037148150585439 2.0244375397028653 3.758404097631235 1.6319464653241058 -0.5329685228973757 0.2516196694297269 3.825019974286938 -0.48395286058434117 2.329295801894073 1.2352527787572245 1.2794415601986628 -7.169291386560805 -2.971912521416563 -4.372823437897354 -3.244170726984269 11.341618296362661 9.569973852160043 5.269930806150172 -3.079777629246264 -4.766932481311499 -6.858360865219575 0.7947906314715983 -1.6659267760925456 0.4237863524953905 5.93375534886176 2.953591185835155 -2.93405098579704 -10.28383323779855 -2.4967712634182586 3.0431588068637443 -0.09833923971640124 -1.1044511616533668 1.1101346969292307 -2.4176551213375266 -4.260422342801534 -8.834624121853341 0.37765934433474974 3.7868684851696863 2.087392681632157 0.40528386885714923 -2.535473098466598 -0.6800521102776118 -2.068758409612398 -2.8127556075610585 -0.4753185862852112 3.184587798101453 3.803914148808904 3.198009112489101 0.9812753669910592 3.2350057023240786 0.7930180852436957 -1.1231932198118242 3.7279970305985777 2.4632831575463925 1.4347903812190044 1.327437042317603 -4.722386681940584 2.224254120172506 1.6045906695043297 1.4792233334136295 0.44178518780437565 -3.352872839190521 2.2336057514588425 4.198210759821191 3.9614002944869497 0.41178755257523325 -1.4579545156582672 -4.441070574835735 -6.286534895411276 2.393242756789819 3.0234588801754336 -0.22364068726058708 2.8675160692633894 3.7171638218167065 3.802625881644202 -0.2163160908489138 -3.245237660203152 -2.8858927222834603 -0.06155891831756362 -1.0770138881709563 -1.2385409147536466 -2.6594169396228926 -1.7896714334382946 -2.378491910821394 -1.88708931426781 -4.305862998293373 0.8389436614658932 0.2199823347144558 -0.24390446122086865 -2.3012021247765566 0.0047759852038012415
-1.0253940029996185 -4.299992682291178 -1.7141846236268563 -0.510154769352188 0.7591729337683728 -4.097046470147539 0.731817146435993 1.446534642569273 -4.863820666867474 0.314358602467246 0.6337110036304245 -0.9581299505012146 2.9662958800659163 0.01674962504834543 0.25242392556788706 -1.4270290659087086 -9.124650277953654 -0.7609332819721536 -3.359305453058403 1.1438672342856755 -3.59593983104831 0.37013595592139703 2.3738993647029454 4.805641771645704 -9.871896437769195 0.6017673906113085 0.5981077583257235 5.499531147897139 3.112649015724389 6.467069581942978 8.292997329136547 -0.2609509792406852 -13.433319151142392 4.295140959373079 -2.5808989768964765 5.499705535309674 10.733418308972178 -3.4448642421656426 -0.6497172061352039 -3.847635910208845 -9.975405512466798 2.8618952997660076 4.711315734927891 8.420011507350404 1.7959360516235106 -7.122950280441675 -6.385409433549707 -6.702425837710918 -8.470231314883227 -4.225039943490859 7.4572892714726935 1.0161261796171805 4.247666827083301 1.5877203888058116 -7.738853299151077 -3.541544986269416 1.750616821665758 0.2352855718429161 -4.111276765799483 -2.998281158583471 6.073169906029804 8.528523981031537 7.998237591457213 -1.8425885256940484 11.991717299718415 -4.64844072609693 -7.955846171064069 3.1348689191726393 13.354071886529722 11.325286482581287 15.301291528246976 -0.7574137171115596 12.411923910599453 -1.0705674047892701 1.3874677750106588 4.713452615641364 7.80489701303206 11.879819473540081 16.16618429299192 3.284621744125264 5.361242051571818 -6.255037344130384 0.3791784558372781 0.8391387126420953 3.929524559385663 5.665599453024619 9.832688754588393 4.77726347746483 3.068350405620062 1.3947008504746778 3.2660587843065105 -9.17969342950753 -2.276480206306066 -0.10074464977906761 1.5234616629712332 7.79406915379804 -4.395961344929352 -8.714978842945335 -0.41119144567844135 -5.188103694933404 -3.4815012386790345 -8.471018504031708 0.9648142032045628 9.60808776136352 3.8047919558919503 -0.532138831885834 -6.712030804193142 -4.977649111748963 -6.543533482365079 -11.386648332844507 -3.990445888178929 2.0475844408537207 0.4629350889884944 -4.16624167788678 -2.4433457278673365 -5.621348955466217 -9.839428689946887 -7.14126994171693 -5.162859610619521 -2.247790339185136 -0.2147805476463884 -3.2069269189375715 -5.5554599157066304 -8.862797870401678 -7.805819796396927 -5.3338245742905235 -2.610880456978359 0.3716438246340843
2.383986985915574 -3.572458655536522 -1.893062077127974 -4.520202344002214 -1.6326783803977778 -0.9618409558533021 -0.8934550389772196 -1.771868017140685 -0.1725217885589339 -0.8422021424025787 19.560650333668207 -1.6317856410714018 -3.9610761780703903 1.293527458200291 -1.3071328476338677 -0.780124920384713 5.533978734498748 -1.3164764631337391 -3.104682544564518 4.808318195226901 -0.9037898893518505 -0.49548137886419485 -1.5757022868162154 -1.1134609800700088 -0.8847630701135216 -7.44511529065785
-3.7122090224860624 3.6981982167680716 -2.2243486328645816 -0.5266811368694129 -2.381185603763965 -3.0730617947639756 11.237993091469216 -1.0931655316795372 -0.03148154608776932 18.160563821721006 1.9832991910708793 -3.5227131946593744 -6.967957528399161 10.964303435517703 -1.566244571102626 -0.36930063004206753 -6.317894668958987 -2.2094563376582506 16.55450683966854 -6.355955110756563 -1.6644924950430227 -1.1862752626132058 -0.8818163301903287 -0.5362400321898944 -0.7879298025288842 9.601521156029634
-1.5465961832572381 -1.8414327174478868 -3.910142614921346 -6.168415594492468 -1.2826262259781054 5.6630122432012895 -1.9121018320962002 3.862277366092931 -0.17646700038294658 -0.9104119770845364 -4.522859042203183 -1.917582806704166 -6.132017241451317 4.019075454266311 -3.1688266921649038 -0.8086021533795297 -2.555960898455987 -2.800772960231472 -4.890129399995525 -0.5402501752672781 -0.7613632068318587 -0.28880887481611395 -1.0218377034806574 -3.455218641110759 -0.38035162369656744 -5.260998514665595
-8.198749185897682 16.274167188300197 13.669069378274802 -34.99485159813031 -3.954618486896054 -6.783288886451594 -6.8078877562896025 -15.052118392169639 5.828838141575371 -3.0433860855926422 -13.761668210292743 4.05875290941664 4.801864113668227 -8.088571678187817 -6.454631042895878 1.9218037263787404 12.577066519816022 10.509984450700031 1.7745546333259354 -13.726078126819136 6.266135771614271 -3.5938727630952796 16.02099493651611 -7.5697198370040635 -4.93345197269251 -9.706496849792408
-2.0762747239926496 -2.4100110988476713 -2.1243106727357137 3.6562671941821763 4.983982822902292 -2.015553381452776 -0.8998945489279692 8.53655520678596 -0.1384142546603116 -1.0950407791670884 -3.298496928891287 -1.6343826828494363 -1.5929813386124025 8.298109208874587 -0.9837793580902074 -0.7843631513994456 -1.563272850914254 -0.6215230996328555 -1.4776984749211102 3.464917237552281 -0.8190130681224321 -0.316847228520817 -0.48097805463644283 -1.1697904342488499 -1.1459132159336367 -4.774647262236615
-1.611986589684311 -3.8096229580543297 -1.515889211012543 -2.2804663940266816 -5.350567540390572 1.560409550132146 3.9420307130966017 -2.4344814549686133 -0.34876364663003184 -3.73240209126198 2.2129309337567475 -3.5103884945135304 -9.24349752532611 0.14226126797150185 -2.756778958718319 -1.1605085351762996 1.060144119382857 -1.3296609035530427 -6.505184595540205 -8.890532429362134 -2.612087977394739 -3.38259523019046 -0.4588221646762864 -4.429404509984806 -2.0266267061544254 -8.402798381686896
-1.9341328086024094 -3.381548927340426 -1.8420739618724702 0.0983047998855197 -1.0525398133807848 -1.450463659854023 -3.0476026690670177 7.539339650648139 -0.007689715644028175 -0.659090583453904 -3.4358564909717577 -1.1139518712729286 -2.8009708910426796 5.747725430631869 -3.1031711792855154 -0.795204923458637 -0.4730623473752692 -2.1421706274469616 6.231338139831153 -3.370899000466756 -0.007999896405374646 -0.4781594126485518 -0.4836828081862956 10.355162864692074 -0.9073184650847522 4.2140199523200685
-0.6667816521914933 17.67290738646838 5.393405786434719 -3.5211633010370087 7.3533381530890605 -0.1894168668524947 -0.9073238974469608 -0.22141375372095903 -0.1292001821736943 -1.8535017500657212 7.824636362061575 -2.6777289235696826 31.966495758339693 2.7463957251206086 -3.917933593647777 -1.7284650876650312 -5.900178181387252 14.017726860349017 11.115406525365014 -3.9086155739382162 5.385907877171378 -1.8771085315795273 -0.4059726341935814 -2.247356955670346 17.67204749901119 1.242084720075971
-0.004545109482161014 -0.011789940044677148 -0.015927001395255 6.884411764214207 -0.15349289931480886 -0.8936202887748255 -0.6148325152087551 -0.28229896183204584 -0.2767094684700241 -0.005267557379229934 -0.07757219874045736 -1.5785853180050784e-05 -0.2535258660353823 -0.13372123435558944 -0.0789345516815502 -3.572483077662058e-05 -0.2240989198540046 -0.0005756844927467642 -0.5327953490502363 8.036217887992432 -0.5011925274012001 -0.03497397249687337 -0.001104855470245984 -0.4927852886887881 -0.03633027133197992 -0.9683261454209234
-2.200646970318362 -1.5722947957385067 -1.197956773452403 9.933271101047579 -0.8301775843035034 -2.975698535256441 -1.547378736873318 11.718517465199927 -0.006278232778372006 -2.3372197908743666 -1.4917577017880965 -1.3550586819153114 6.335609044962083 -4.722774853096289 -1.3320749530140916 -0.6239937086431009 -2.161274678031474 -0.7596497811136721 -1.8597518009988594 -1.5612877373701661 -0.930023846972287 -0.3186863464155378 -0.331769047790601 -0.6660578413325023 -1.3771133429975604 1.9214402458050346
-2.8679260154147768 3.1538449369339654 -2.300136987511413 19.811943246698213 -2.2487374573242214 -2.8287851860717845 -1.9205470805391498 19.43209208137019 -0.40973369408341115 -0.9960863302439225 2.2872274916639665 -3.9028838241082426 1.3342117018487478 5.5272933609479304 -3.1860286937418976 -0.7743549391967821 -4.71882243578748 -3.715715535869622 -1.2487359750157945 -6.412765895222113 -0.48948550501016436 -1.156630835805866 -1.850482662751893 29.48269699384633 -0.9080679166006626 1.3566258353880793
6.744238934176423 -2.0271787100644687 -3.5609901995274993 -1.4686339324027307 3.5687602806839718 -2.071658550584121 -0.5853436991208348 1.6021948831013566 -0.778754443517091 -1.7837336788320926 -2.3338052774836155 1.070161589677915 -7.426856820393013 -13.044543927420754 19.430517459713293 -0.7318316896980807 -6.014398978086421 -1.9941554567289863 -2.7438293151444073 -4.845938479561269 -1.0588083174038876 -0.7504559901645421 -0.1098941503236501 -1.1240560009211726 -2.2196258803246973 1.2855214951752765
-5.050201192761215 5.606728957279856 12.358230282292 0.22132426072598999 -2.5843051314888315 26.681677929911515 -4.724231037825752 5.941068083459569 -0.5154639638307956 -5.479923486340558 -7.304932421876784 -4.546896086116511 -12.308594483617814 4.501773586441547 -4.52666291421715 9.402822286486536 -9.093557545107876 11.880875551093377 9.047945698184062 1.5275552105652663 4.483065126769583 6.010615691713511 -0.9443349636763019 -7.161715380853801 -3.9691291450595885 -8.53875596948108
3.615719710529019 -4.0549222533784866 -5.22318321773845 -13.781882604125272 -5.084887951425393 -1.02319285639294 -3.863150164445804 -0.7375764291831708 9.056980619026918 0.6242168610744533 -6.039569837496889 8.46019128463111 9.483677346290552 -10.158950496523149 3.9805316298600952 -2.5800527659626638 12.08148087997775 -5.107138730892294 -4.847076339721228 12.019462567204153 8.462156385507665 12.850820424532328 -1.5032870928162994 -4.898632533426361 -4.448113814139745 -3.5819600331776806
-1.287798470173324 -4.133130464661342 -2.9699134953140085 4.174406006376066 -0.5779999322859175 -4.3780019604788505 16.11635996603247 -5.071094649728393 -0.3730769393890645 -2.0567798371572987 4.154586345660718 -2.5468754192249037 -5.043436136108694 3.0843396022665663 -3.360468367849075 -0.6076328905585512 14.27486311740629 -0.6271233232048246 -2.3201386528319468 -3.5286202084461555 -1.6077728180414086 -1.4366223009245487 -1.3046162114945745 -1.2737662373763101 -1.0899154914856632 3.3455050531816255
-0.3445382426512252 -0.4181487673084715 -0.20465041612277557 -1.5654932608412306 -0.08032704850699882 -0.1013407881059365 -0.00812353597943745 -2.2872174145548887 -0.00028726426948785523 -0.6881423663006869 -2.1536257179644784 -0.008207729755266633 -0.5489197458517951 -3.4092438745303135 -1.0404462966654482 -2.1586695702304945 -1.1694230706646194 -0.007179731396118475 -0.0877216298505667 20.543394287048553 -0.031053036730276318 -0.5419512821288539 -0.04218746537589726 -0.11680773402730649 -0.018218846499635163 -1.8730010772834818
4.735406367367659 -4.582526769306936 -2.4342722480825127 -4.890929269108045 -0.4877752372669227 -1.0306786216623682 -2.810338434863881 16.6924282442939 -0.42217340501012174 4.104196130285357 -5.518128844087667 7.490049055585522 -1.8796354116060277 13.095710199959374 -3.4709310948185212 -2.146386306230685 3.0341401998864805 -4.627306016670539 2.433045576662284 -3.995296133330286 -0.7510888094486413 -1.2731783257857703 -0.8167948541067622 -0.9399923653721071 -1.5492811430503792 11.660370464144705
-2.177439406792677 -0.4965570048864464 -0.8570460501846114 -5.131426842353631 6.469950930421019 -1.7633019689573912 9.152542859003068 -3.39180499385719 -0.5183356006320081 -1.4971453487797732 6.504262111119544 -2.253930085399049 -3.1335032948504655 -4.540885465062006 -2.0937865167821856 6.876796065545768 -2.8147249882542162 6.562909238914447 6.591384257706597 -3.640840804813126 -0.9528594423720855 -0.07085609982822222 -1.0010270961593182 -1.5058060405823308 -2.879886488534246 -4.490339608187977
-2.7414318101720325 -3.3070547573948943 -2.4543062557272175 10.662299944748993 7.876844287713481 -3.2882680982723187 6.34145018626976 20.36183227190639 -1.0966468531407525 -1.38036393357643 -3.500705729282505 -5.229126681166545 -5.387778464178537 -4.593792757878484 -2.8766157785807804 -1.1862945678201535 1.5484691741364922 -2.2714698636058825 0.1262528788985846 -4.03164768009467 -1.3104361323687572 -0.27307365554433294 -1.991182990736056 9.406000379640991 -0.19306959642692992 4.480884459793134
-4.817813598456325 -6.431221827440887 -4.960502588889438 -8.090846325649725 7.149934917817631 4.6327298857508055 -3.332828414029569 5.124679765484008 -1.4979843579461427 -1.2960190436077363 8.691703962067615 0.8234769394578203 9.818430591647552 -6.3165833778683504 -2.2643629357574344 -1.9426429510317191 7.443191471965083 12.624689387999966 -3.321509848023944 -13.889624143927733 6.515784794015127 -2.231081040745729 -0.16959655414186822 -5.5282734604547406 14.699749484756017 -3.289151816291597
-0.5851978747479335 -2.752954492269569 -0.21751607810008122 13.731197052362186 -1.9544421466859454 -0.12014411125272241 -0.16637875379045225 7.038894582789995 -0.28079224392208946 -0.09252827350307516 -1.0723322814418668 -1.9119974410624172 -2.0975591507083906 -3.394111344771418 -1.0274822982471157 -0.0011767728437903767 -3.298111914751429 -1.085563364222881 -0.5844727551181542 6.87807098220984 10.595263429587954 -0.05670714018554362 -0.30698126621121036 -0.13680871364162797 -0.3906492042668922 -1.4608871149747742
-1.0737210951756386 -1.98804680649063 -1.1853603066458467 -5.124774194903991 -0.7991252631195714 -1.1595006951241185 -0.3254111919737009 -1.962836174396842 -0.0007241622829013861 -0.7207926458152789 9.179731618011028 -1.2435437998363794 -2.5042889549909892 1.8373649472090587 -0.5049158370227457 -0.3806120929872496 -1.3894224325198878 -0.7193360715012723 -1.5748951324777498 -0.5338551514844684 -0.10276005307962972 -0.929381362101469 -0.028864432024038225 -0.688809861352939 -1.019953885334655 8.017715448245292
-0.15421178254244988 -0.3586996993461449 -1.857478820779154 -4.5187062211160995 -1.1658518220877274 -0.948374316889213 -0.2018373454173742 4.990992808899 -0.005842219116798084 -0.23950041425351723 -2.221510273870271 -0.49339527913002645 -2.2763301251970294 -2.7816947202760756 15.782586689367564 -0.1226896870787827 -1.0460911055084718 -0.0485411530198479 -0.7226322245675539 -0.603792463189092 -0.08835833244183094 -0.06169590742126335 -1.6883000414651548 -0.3307762412869923 -0.7304551333210966 -2.964701080528828
-2.232509314229838 -2.1080546272620273 -2.073652749356639 -8.796585024920635 -1.207955280671706 -3.7043742011412006 -1.6852562252508367 -5.924629582451107 -0.5597359857414472 -0.5098594348680422 4.413851388532493 6.263935803585767 -3.0873451474571008 -4.984695563761392 -1.7688768857668715 -0.3399241217759347 -1.5222281837223584 -0.35486728724046906 -2.5191622169328958 -3.04741626623517 -0.9650069103059009 -0.5145828274438684 -0.5020695581576684 -5.782289033869639 -1.444232063372699 -5.110743708634757
-1.0471282393601542 -0.8544626151151316 -1.584894167333428 -0.9201072696786325 -0.42834473565595216 -4.872204562752044 -0.9417309380571436 11.537314226046705 -0.013333280861828245 -1.3777554662996443 9.010923057587513 -0.9539221534788362 -2.651799045242905 -3.4962763590899635 -2.186443022221699 -1.2283287267069734 -3.597599886557566 -1.1182047658290677 -2.973927928356941 -3.3773638767944254 -0.9384844973541383 -0.2539011759203482 -0.5806814947925095 -1.5746664837265536 15.991247528528005 4.463687003870019
23.840723905450186 18.241489064532765 1.6457388817753156 -12.49570941280659 5.204529008233296 -5.530530009060955 -5.622860547021233 -6.315010349964924 -0.4008184445891882 8.299425917832796 20.68468261711036 -6.930433819525648 3.7595655314324574 -12.258462176337884 -2.62846381317698 -0.9430235093014744 6.314291257658041 -6.485790237379667 18.7159934720931 -8.077240239419677 -3.9270253076350627 -3.4641088761287913 6.761507314479488 -2.337057320939049 -4.126519259048045 -26.61113751189303
