0.2829186046987625 0.14268023093194596 -0.36454436856419237 -0.5596499107573107 -0.6276079858143772 -1.0470878951403708 -0.7808824650484448 -0.6618654776919591 -0.140359115742457 -0.13630336283386946 -0.5443900599003862 -0.11046154871202334 -0.4858940333961474 -0.46361157929104285 -0.4498034617339476 -0.4213790177602444 -0.05267617323803562 -0.21551532961016648 -0.2937797068919867 -0.3394683165587388 -0.17848071301518462 -0.17459225478717544 -0.7496937435018836 -0.17662866993153864 0.06113698593219866 -0.19793090515720232 -0.3788055602058826 -0.3349607542848286 -0.4647315939261543 -0.10424282929966704 -0.1449267003940661 -0.2907555397719388 -0.059697763880028974 -0.16962667828087372 -0.25409892477186097 -0.11167056710367003 -0.1461193807925268 -0.8048461763822881 -0.5072759474741491 -0.29268443405918193 0.16900373200248311 -0.2940226481795641 -0.37077915697154695 -0.311912545005924 -0.5022891354994092 0.10150381463052305 -0.446714021864854 -0.7920648081682333 -0.30437401730061 -0.04194012801986193 0.048076323153584094 -0.10265794056977656 0.0017862113287635182 -0.11358780275698876 -0.24691442177876624 -1.2387194400164678 -0.17350191332585946 -0.09250170561783146 0.115558499696723 0.06760136568389152 -0.19078937617789277 -0.03295635103492227 -0.23076608630983053 -0.3374428742862152 -0.30397390053800255 -0.1241293809823521 -0.020338322203722947 0.3219725288816316 -0.044448666820625926 0.01601803895962091 0.06710856525865591 0.6675450904849669 -0.3404016352773718 0.16342930557395177 0.13285103800386436 0.1459655024816979 0.2323301026752698 0.0014198372248016935 0.12271103349151449 1.0116415676736432 -0.11299494961440516 0.3536592302953293 0.3471330619096695 0.13442228370824671 -0.2558718362645243 0.02940650847481874 0.5274189230337437 0.9392202776404455 -0.19223168011217895 0.379308139645916 0.38249643285658974 0.4037222128041906 0.19443224925747477 0.4870471366562761 0.7599854731494627 0.8286880500033231 0.12332644592563552 0.34376299041132624 0.398285154852183 0.706309303687183 0.20336457285107443 0.4191442934560303 0.4502021253945855 0.551356762425816 0.3303144027837338 0.4962710161756073 0.7645350375421296 0.29265388271125375 0.4777860456534353 0.40986009588195393 0.5344020000774514 0.42029040301273357 0.5909793678811537 0.4177658684159144 0.6493544120298759 0.443342562156499 0.6975886039692226 0.3187270535277979 0.34421449793314574 0.08935376908267202 0.5326920623572268 0.847099998591484 0.7077263384518794 0.8598911946630775 0.7107288929508477 0.35409218044606466 0.18566370309443556 -0.4286741455670945
-0.4471440040751956 -0.18885311531753363 -0.4962647832652923 0.10456680207168595 0.40369714776732396 0.07897586282812402 0.49472222874834076 -0.3441246196115517 -0.5845030795119623 -0.07780322423376024 0.111749087524814 -0.036833864041193876 -0.02848497316187435 0.30402951983631005 0.06783927027576744 -0.18299723190970074 -0.5835203463414549 -0.6382854272837724 0.050355213083959884 0.3081498433904399 0.08508506401833231 0.34950383388811496 -0.021498820335754863 -0.008584753300427685 -0.6155254396840439 -0.21169486172722984 0.17824291895148572 0.06181770023950535 0.35391075921548365 -0.07150175566295348 -0.04696608222645709 -0.16730215695192374 -0.4800536186878327 -0.38452076154502884 0.10253199570686725 0.43716365985256567 0.10860020302463304 0.1281033762282617 -0.23857271463182692 0.24693278472357502 -0.5978916768994095 -0.1008862188846696 -0.07017451603268327 0.3045024439394223 0.017054501911285165 -0.03976618008419157 -0.24308634641459181 0.2150317781203195 -0.008901168920139915 -0.3736003939831224 -0.06720087158362972 -0.2282412612992054 -0.5496474150711144 -0.35787272188095853 -0.44162630868212416 -0.6146311868818357 1.0664155806437938 -0.13687455796550085 -0.841488113344383 -1.3755681547471652 -0.28018923921315664 -0.5884145959239989 -0.004548812276037457 -1.4046939838451522 1.624542689197581 0.12485692162578131 -1.623783988371054 -1.35874574338517 -1.5128492914775578 -1.0310830308467034 -0.6279581582318632 -0.30174049331808084 2.204016669484236 0.9444219511983655 0.011690840768998819 -0.8040528303314144 -0.7913188473085614 -0.507140560485959 0.015573304403302785 -0.2564833787046578 0.7464724941693393 0.12416565131804741 0.11306955003397891 0.159448011000842 0.16160029502205717 -0.16542269640146356 -0.03036193925026269 0.183180650616125 0.014339080747978721 -0.2515799877096129 0.2822257377207206 0.23847651201460082 0.22110190185625747 -0.039392733140731696 -0.21648966343206993 -0.2815476746584884 -0.3507946773013524 0.040283236734903284 0.38601867362647274 0.2553400464295246 0.10931338982388887 0.42930736045648965 -0.21507845905930767 -0.19575443492310063 -0.3729511880797333 0.08561397443991285 0.010585564714547264 0.5162831749975132 0.27034401841418704 0.24256300141634077 -0.04966713850041206 0.04517434751391433 -0.2192411716233084 0.191172418324394 0.14724306761238495 0.42459970087692284 0.4398435705758273 0.2692338613217275 0.2422875199632082 -0.3642937512227344 -0.30440419401435626 -0.23383222366269985 0.16620965612665103 0.37378714969921056 0.6209525961829192 0.888508865022466 0.7700390153129305 -0.29822296053233516
-0.4529579549155744 -0.22250626807719454 -0.6827724855049913 -0.6309377790907172 -0.4129617412114846 -0.3284729659300227 -0.5121651115005078 -0.31606573296458884 -0.2639400219865208 -0.33279902731659117 -0.16695936057673177 -0.22970183894408713 -0.5214361083315457 -0.06375238782540327 -0.5915489005914161 -0.1768213914161698 0.19459358861729303 -0.17387569734994893 0.18332586314480498 -0.03145871314620638 -0.04510075032961727 -0.4385304648824181 -0.36251721290564687 -0.5031269692622106 -0.6371497544248745 -0.32610997040877976 -0.4748750623533886 -0.1114275826063025 -0.19315320769104857 -0.2289186760379172 -0.2907381230354576 -0.45662635382458255 -0.39467398400597614 -0.5204894033954003 -0.5034116776154861 -0.40248998950701304 -0.20656054468089863 -0.05281730961888469 -0.2909932667972288 -0.3552694528398106 -0.8585308849000644 -0.18721415984037507 -0.1869744465223778 -0.13942927568938218 -0.2658748489382044 0.1701280481714819 0.1697997038960273 0.09097038180652282 -0.913130994425604 -0.4111617799643101 -0.33308022454580233 -0.01849299407858611 0.16764896206286448 -0.021624585313073617 0.5173535058796123 0.24444741577558032 -0.9172286970861239 -0.2974516926597236 -0.469529225926835 -0.06690428022741494 0.18997416279898804 0.29077555327219007 -0.020453821837607564 0.3457110042551545 -0.302440155980684 -0.07514893408372823 0.23080749103522993 0.0616475588657769 0.13936746917962195 0.4190831192974869 -0.1398452449194897 0.5060825022928421 -0.038117325985602434 0.08742146589012012 0.15026608720828372 0.035935975510235856 0.29748320571868897 0.18372677494620918 0.39588737836007964 0.2856048805768163 0.3350106230366842 0.07009024154242124 -0.06898089018287723 0.061986207077381776 0.6366435575240195 0.2963871522918214 0.4801466034624712 0.17512432233799424 0.5130483685638676 0.4452354581831816 0.30499937278556083 0.21517998329202748 0.4453530371712205 0.7260057709358345 0.4745960596528366 0.05251861943044334 0.49487221110708557 0.5714431040484627 0.26986403688683436 0.3694807410740218 0.28554642796757834 0.29643455699315857 0.45335908792796664 0.6180038362295052 0.5281733206066251 0.4848980368260601 0.5230811710304063 0.18456225617799243 0.3398268845481191 0.6923603829325924 0.3888147345875016 0.49122619136726137 0.2650856660829108 0.4901108881784974 0.44959508052652797 0.40548039154111754 0.4119236563521468 0.2685062602497264 0.5047025421132249 0.5190923485918699 0.3861315075547926 0.4493229423065967 0.8331956288626697 0.8464728691889777 0.5041214603319177 -0.09016019076705681 0.29296866242438535 0.7068137406648496
-0.5553621749446493 -0.2923329419329541 -0.06836418247773136 0.211584395868047 -0.17181586081975236 0.0505759730659927 0.5726633826508114 0.22367102393194827 -0.37363355366300777 -0.07933451463547934 -0.17789559234191565 0.4087875381651012 0.2313089584429527 -0.01977645957107287 -0.05335954042082882 0.010593995553465069 -0.25053034832398313 0.1544040589332241 -0.04557047082118206 0.10454149928914176 0.2523296454451233 0.031075794980148737 0.33003894197899836 0.07007123411776651 -0.3078974201228914 0.1442798526964832 0.3500521770955783 0.1816866621346612 0.18304474593791042 0.3017723829375268 -0.06978864297813145 0.2109949240252846 -0.31845791303025867 0.3776371756114448 0.07620385191346711 0.3933878925072626 0.3186436064778885 0.19152753868498532 0.1412693222304666 0.5522338536758825 0.338598870666417 0.35372752868450386 0.39442350388387915 0.11742016421530221 0.11779285048093363 0.14141951336806735 0.20841879848811076 0.3012279084602686 0.4769026723115822 0.6037060953020413 0.320547264116774 0.3301955363640087 0.18564583304807314 0.11946753210789027 0.0044171528206948035 0.5143848978360107 1.0021001600019657 0.5954307678678745 0.3543162775473288 -0.0645990257968094 0.19353529824558685 0.2563384478955104 0.29392991104171073 -0.4183607682903854 1.1733320555978346 0.7773219411893951 0.36526044131669716 0.019363325810475236 0.003943199195944465 -0.17416841628811372 -0.4850233078999462 -0.7915687733022684 0.8100995680297223 0.46060032134722195 0.2840229237024319 -0.2699281152310517 -0.46938707630769244 -0.6508406507894263 -0.5602205157830389 -0.36705509495236227 0.4022255205232831 0.20438715117092995 0.1885754362969902 -0.04541102634057458 0.04075520066830909 -0.2235033240322619 -0.16280552957864172 -0.06655689104059566 -0.4074374884967537 -0.19712698476755106 0.07466517936090376 0.29611622869465903 0.022549880831040703 -0.007917729800256797 -0.16296046182879398 -0.2468886991415888 -0.3530387243617869 -0.009177406015676298 -0.03821784750424273 0.14880203219754037 0.21157848039475025 0.1064510606920355 -0.15493768053517173 -0.034326812022326104 -0.5372654222892075 -0.05779661593461658 -0.09221110743466955 0.1514349684363678 0.5114068041155282 0.09738459495391802 0.07426097565971235 -0.02681236257237699 -0.220323876394938 0.17478250989238656 0.22043493968823966 0.24054605136307772 -0.16537449687021627 0.38946353477476725 0.11532002664535615 -0.18191051090937926 -0.3888132664457071 -0.42635077011655975 -0.16517962573129097 0.29450934394175887 0.4155187116726742 0.26785525404729954 0.2781925476529541 0.8036781158420275
-0.3810538050668475 0.20501138847632888 0.4018524896395222 0.5249060100769983 1.1821262317881946 1.1044036572311644 0.9172722895290965 0.7098589231667064 0.1536993522083445 0.04283972236377774 0.48851914301554905 0.15828127000274642 0.5645250165973612 0.7547977720901925 0.8663002380778255 1.0835259556704935 0.1982126601069548 -0.025467438318949265 0.21161304400736666 0.41944786157433417 0.41052573286055993 0.4364261779269102 0.8820152820254338 0.43910391022067446 0.07441594625124061 0.03934482154308529 0.04314513038468068 0.5230026877721027 0.29503596160639695 0.37948645071226556 0.6300698945680683 0.5787926775929523 -0.39699814094354424 -0.1422996049620524 0.1049370185684933 0.2603674935283261 0.0809530622152266 -0.17447001241988644 0.14336934857318168 0.19708640352824178 0.181630381430253 0.2722564510017758 0.01290747861363933 -0.3014222027660682 -0.3360864809453646 -1.091935268379409 -0.5305314136086604 0.18054534788444798 0.021544144262559052 0.09512010432937082 0.11155808566677 -0.10034712727405586 -0.2953180623457568 -0.5694317911685767 -0.6380259597723605 -0.28638453312367323 -0.05532116335546563 0.38107418268115184 0.3618681156365027 0.5961697696189782 0.15143115226535864 0.12550517981009016 -0.44755308050201426 -0.4633529933549323 0.6712261351420107 0.5622177945948438 0.41196475587351744 0.19201438336063031 0.2797898421385912 0.08828909415033644 -0.09683365957968396 -0.5721974824134407 0.16932334956296483 0.5036606805603323 0.07298711797338352 0.40836223268617977 0.2805286509385462 0.07592047764964419 -0.6130399211156183 -0.9977147418181425 -0.3362868671059159 0.2933796510698499 0.41150758939122617 0.053128217747700296 0.26303636707243566 0.16195820991456517 -0.3783778532074611 -0.9045093892305357 -0.10930327092751464 -0.08932094625877825 0.11189989311477044 0.2706457121118164 -0.1302795350211496 -0.13358908729246882 -0.3853521900154445 -0.5568667807877087 -0.9360842518545871 -0.22748371012243757 -0.5452587429377588 -0.09152729444246761 0.21086739948405822 -0.28846119243855045 -0.7346358398252865 -0.5287002252562807 -0.28147158484092744 -0.8978341857135863 -0.46227761764491654 0.0830724775435143 -0.028424695345462218 -0.5361367049236663 -0.4814015197953977 -0.587358434249672 -0.5605039251094024 -0.2808396463052641 -0.6820731119600907 -0.2583411126729438 -0.3623823531290479 -0.0826439488473451 -0.18020591499336747 -0.653168708526281 -1.0762564508289116 -1.0383947742836115 -0.4537250799595875 -0.68555688999845 -0.498553847601107 -0.5997630463790407 -0.36252138321882815 -0.500512828865604
-0.37961052689989266 -0.11686543126386267 0.2704067954824305 0.30926104149794403 0.5387193680128258 0.33048907776543895 0.2696333542729627 0.318374059501038 0.23848215207768164 0.40793557350745935 0.44033412582995646 0.33073188308888857 0.21075019012186855 0.09556703699230186 0.2015221144322696 0.5721751767778286 -0.015709922612721628 0.2939314168941527 0.41965090345409545 0.3207664571975489 0.30821580609273086 0.23660993808879963 0.1670011888596754 0.09479869124634759 0.5017107311023866 0.2535323878322231 0.4707600375362522 0.6134552067030523 0.16339431881797675 0.1718060784407481 0.14510452057490025 0.04910358464371347 0.25230026589651317 0.4079162418184808 0.43211994983823443 0.3697076077365034 0.5760760479921413 0.5512584559000508 0.03246394453853637 0.07840266711431514 -0.17684061715865765 0.1921444022882685 0.4019171917700549 0.20511929822919148 0.34350191151429843 0.4473035836997556 0.472091473932983 0.18762039928339205 -0.04199728260559894 0.166233680178738 -0.17094934276971285 -0.022604860249227986 0.08680844142414805 0.25201550760643543 0.49908970989645757 0.3405299739113503 -0.9143761138000092 -0.23323299640093118 -0.3632240876262878 0.011670496215634504 -0.08676478128093837 -0.0367769887157318 0.2038842021268 0.10629210755125322 -0.46873379823959993 -0.8314944638455618 0.2792875737073122 -0.5923974977011467 0.06661304317473207 0.39421947491686393 0.3284818380545138 0.3341177742185991 -0.2568923966680216 -0.6614891011530089 -0.267706723217881 0.2296228863191704 0.12034931803257774 0.44641535966053275 0.3848648567433097 0.5253779620071783 0.19070979732047003 -0.3069286380805974 -0.3024810848288094 -0.4336330818327616 0.13158809675169789 -0.0484641591802863 0.39524272189568016 0.428870260262255 0.11054935096430658 0.0006201157750677291 -0.3231390684091769 0.03751694974754537 -0.30210730918672 0.16264864108080954 0.2229912504352797 0.38282583223830813 0.046137643511492576 0.060518340025590686 0.028712984407399 0.11203372322854756 0.03353810483870528 -0.0898507739974229 -0.17996566918793494 0.2410395650001646 0.07045051975853962 -0.013990113222347342 -0.030052142907216296 0.08034084766807324 0.0955570117042825 -0.21275724925044592 0.21253922021621127 0.24968005469069815 -0.07711547651260785 0.2420712886023385 -0.006350044418250433 0.1825011810166188 0.09416521327420824 -0.2824041735756315 -0.1975568081107152 -0.02654323491750408 0.005625435010611473 0.03592514203508103 0.13396755709019087 0.519088980066139 0.2537726201415323 -0.21734302409450731 -0.09793910492809364 -0.035056668997223824
0.025847398117435413 0.2386193842700021 -0.19889166237956327 0.00024853517544330363 -0.21090743703648426 -0.6104939422127525 -0.33693066762985024 0.37799112700936605 -0.09258419914646501 -0.12490119535282893 0.10545296319412094 -0.11080080478650761 -0.37122134333219553 0.10229487930231423 -0.6284145945255672 -0.3807572315037953 -0.0939966221350021 0.1648667331429931 -0.508053276012063 0.016754495012863302 -0.6224333486301422 -0.291709380413284 -0.23739839655131123 -0.05137711216272795 0.23773609657535794 -0.6020838700616508 -0.38261073773517285 -0.5012239056042127 -0.46413546556943164 -0.1221177980811156 -0.5501253893343512 0.051086891233919164 0.3095092231464463 -0.19264227274533408 -0.40558170068759986 -0.7132453686804967 -0.7172650084772544 -0.7625980364625733 -0.7295061750045508 -0.35244361606013747 -0.3163478213497822 -0.1789239727064276 -0.16235132579286962 -0.46524162685339915 -0.35190269371311894 -0.46268204875425106 -0.4382128423196317 -0.7056921522074774 -0.20973474910624768 -0.051486680544893276 -0.08308200091861986 -0.009752565641867772 -0.5145615271156775 -0.5440273151055104 -0.25019880662915833 -0.4693221930591397 0.4796296647709703 -0.04324952323005516 0.07813717492793813 -0.018378224803638925 0.13121077695241812 -0.15810677704639314 0.2354703058738719 -0.08096319201076067 -0.11652577901212141 0.09679263444336825 0.11849834001725228 0.3543323867142513 -0.010035832762738178 -0.16249843507511572 0.5199238344803898 0.08823452849768369 -0.1703681982869398 0.2513685768576802 0.5221398345841873 0.05058085433676295 0.16046753021530408 -0.16272070506955383 0.1755253652602483 0.24181743955034601 -0.2233955292060912 0.32566375672481834 0.5516608437031684 0.11176422081439008 0.2927455620570088 0.3057959509703876 0.6471868030015915 0.44976252834483155 0.09200791565308147 0.7087295828804325 0.49147199504746447 0.42053264241579125 0.3173069821917166 0.20685455666034752 0.5099778298179855 0.6874101021068193 0.05311951037339696 0.5046374260362495 0.5273028780119164 0.24251659506877096 0.15879734118833794 0.05462334236064299 0.6486157367797977 0.6828733132100617 0.7125138834117591 0.5804128325572562 0.5964161038519766 0.36733302727559625 -0.3651287111795685 0.24098782408040956 0.523983168533817 0.6939714705363549 0.5621134488975132 0.23247348902142168 0.4263287570962415 0.19748300626055618 -0.8419179565712258 0.31274006408605 0.6449681363589447 0.5815868981310949 0.2842152575326391 0.8157407726619623 0.5172062271107547 -0.9366268206427729 -1.6149766749331134 1.1654417376436295 0.7355667050199036 0.8130687863230679
0.4791394627128344 1.0547186326154552 1.1262447992023867 0.4770394747982188 0.41382288749313567 0.6277291235953812 0.5004627474530908 0.34203894635896626 0.1854861590898182 -0.0817971229275444 0.23235743798174782 0.2017113073452411 0.4150736311820453 0.16025016798531455 0.17555279045559458 -0.20080814011848333 -0.2258171626795603 -0.17482907807495987 -0.4742716909183998 -0.39127665313723947 0.14543768749991567 -0.11097578377571855 -0.3080536038053243 -0.3054846998784776 -0.6382897041506251 -0.8163991080280859 -1.0451237475465343 -1.0713327747259709 -0.9461199014596107 -1.0203900521075207 -0.8311609746452124 -0.3875618600965295 -0.5503545578950958 -1.088476974463845 -0.9077865389195988 -0.5086677189111336 -0.5646247749187762 -0.38839319126581034 -0.2311285729386594 0.1682953707009304 -1.6609937199796556 -1.4136313044809692 -0.21191605721205178 0.22996889772425383 -0.03655394733596671 -0.498236073965671 -0.3432360162585467 -0.45645992918643225 -0.30541285410132585 -0.09856072447892396 -0.12508481470787883 -0.252941835114529 -0.11648210362193213 -0.13223132809606522 -1.0055153792473412 -0.9504766701635156 0.012508509170168746 0.1184655844747465 -0.22394254459368174 0.024557008777053458 0.137311335888615 -0.23964878740417886 -0.34031432937101186 -0.8426772533049083 -0.3496260815267291 -0.5953077267630074 0.06011412041660533 0.15612580243896634 0.007127846859465569 -0.28963466073764843 -0.222979037177037 0.15108974598871935 -0.4893817758784057 -0.20724625895653484 -0.11908494361891857 -0.09468657359238677 0.34665066211407286 0.20234906797538155 -0.1705798224431674 -0.2516800089001786 0.08510164502220476 0.10259404402785448 0.254453175631487 0.37607071176412954 0.24019818142137844 -0.05023384394974726 -0.4526371234288405 -0.2471947191963073 0.06035915671502326 0.4017318455803085 0.11681871579214312 0.3435661247039118 0.31628935654630136 0.09721015069495316 -0.14290259973848238 -0.0075329614310930566 0.23887612402389546 0.2326320667246327 0.3695443908812661 0.7274230175240772 0.4503621626909475 0.18472510747786042 0.6048030622350046 -0.04721918834180934 0.05486211555031303 0.3510273784510699 0.38841125496009415 0.38126431972603175 0.46036108554693733 0.34589504210254585 -0.08866638742799744 0.23284495435175673 -0.006935680345560439 -0.03388122748670927 0.11210626393608959 0.38881516184532366 0.589273839960529 0.5349493235377406 0.21064722605127117 0.49633689327891434 0.4626590730666208 -0.02879253438234271 0.2565149980108196 0.09143092228284622 0.667724067514982 0.11082781961387592 0.3081367105419645 0.6041615249939751
0.027640278070618213 -0.07707833953526233 0.14849832528440796 0.21284282579526084 -0.18947552211263943 -0.12031452677804008 -0.13038438687455306 0.17673631906227932 -0.08985484167197529 -0.30585773908349545 -0.20132982788881956 -0.5045221131551152 -0.3078986524456408 -0.3013436064258807 -0.41281242454687733 -0.14304200984470286 -0.5334599612771129 -0.6133722954167417 -0.4832889417212838 -0.563749354959953 -0.3560318300824771 -0.6690200848086015 -0.522839243202102 -0.24921568342345904 -0.28193764737600274 -0.2700186636710961 -0.2967559409399435 -0.17708510232194327 -0.47112192579147877 -0.022340334172151127 0.32767216077468164 -0.08608398607917157 -0.30325010698069177 -0.23249416444769536 -0.27890237365375486 0.18013543262835782 0.040755390288017786 0.24772581474963695 -0.14595114421016087 -0.486121103189204 -0.251193577300009 -0.22764635796102597 -0.23545233860605105 -0.07983368913106338 0.07961374953115648 -0.18377659386363332 -0.1787861446329335 -0.05552796824504635 -0.550289238220877 -0.5005255783602374 -0.2630460382846074 0.29105217488931534 0.12125860565553681 0.07876941966563943 -0.16809550351368188 0.0938861939275659 -0.6358699110169116 -0.485750591812024 -0.5211281085481262 -0.19346468426287142 0.12493956597016742 0.09747424802773987 0.05475924926317366 -0.02399933869701172 -0.4868330414775685 -0.5234842977835947 -0.7584563998323869 -0.15861169753839144 0.10121230489272455 0.14518982428976931 0.23499629250570653 0.042729030379529444 -0.5800288931605954 -0.5358985092350154 -0.5986933205965052 -0.0451028966224925 0.024134039037466554 0.05883167599278179 0.2721464599521219 0.3034791141183687 -0.04427415571653172 -0.11913307272533649 -0.2958404700142182 -0.32442571703858847 -0.08043954763726417 0.07539460441058439 -0.018546074566648578 0.28479892916016114 0.3879086841640738 -0.07771352045430092 -0.23809575723385368 -0.27563926989787046 -0.04500253307099269 0.28846338525345844 0.24859966653909601 0.5863057340633969 -0.027091064473446114 0.13189543045909033 0.25317479783606833 -0.3706862831572212 0.07909800125046161 0.3415682508676208 0.42846747100572624 0.3487347829082394 0.24297506044293446 0.14653999545126545 0.10518971202601281 -0.022372053477584915 -0.14740822593962555 -0.062030455220979254 0.24555068468692942 0.3281678250153655 0.12248825549111536 0.21470402177431838 0.4650555795912753 0.7679925508586238 0.8627863227632445 0.32446447898955366 0.5311344764490111 0.34601600130890675 0.054591738907698494 0.05866131263475183 0.7186838242680719 0.9973911502210113 0.9102673809452952 0.5450949950451678 0.37934445617431223 -0.032843448309025296
0.1458187260393411 0.1624994101747415 0.06726576365108865 -0.13584350246687837 -0.5259462910609966 -0.7801146839959664 -0.611536589393114 -1.0683093218091109 -0.2524853114966144 -0.14308179528589024 -0.251463714848178 -0.2639330187609085 -0.14463414403687552 -0.8169478773785248 -0.5508966185750762 -0.421282188690857 0.3984254218682056 -0.23988617740523022 -0.2743205310137722 -0.21349001974840617 -0.721961393801571 -0.4669401378510758 -0.07943558341269936 -0.43670842971984813 0.053158192249829 -0.16067445917002263 -0.11181732653757694 -0.49345342256117375 -0.21140773919770114 0.0375247163821392 -0.3450283897561672 -0.7403677720550027 0.4368669257777288 -0.11809789560062414 -0.6140914422776081 -0.24294652341878228 0.03618713942603468 -0.17200092043928306 -0.3689040836560795 -0.9428861705502826 -0.00036401335308140206 0.03785373855676728 -0.06598242255209433 -0.1379316649274847 -0.3617972075202776 -0.0663035809891198 -0.17167193302037906 -0.18363477890087715 0.05082733141120909 0.12820210868069273 0.35874786639369877 0.13800199164980861 0.014411623591270021 0.07692785890214984 0.05602043317713108 -0.2613741202106769 0.20283197541232434 0.3119714476686068 0.2916837897446158 0.13195012510824208 -0.3159238433803427 -0.1807031620216102 0.03626050684414954 -0.2227534643229457 -0.04641831130318919 0.39098821125707 0.7364639419759182 0.09882365129088724 0.13706582489184552 -0.0360778668856893 -0.10133413750101279 -0.7446842512645696 0.1326912422024359 0.6592477371787985 0.5318737426761327 0.29843946784775144 0.11069656814252803 -0.040921545973383516 -0.11199849948282815 -0.8099145858209332 0.3304082680865448 0.3649968758817362 0.40411442940809517 0.3891937745274749 0.14931136622280447 0.302038670629555 -0.14987581186301682 -0.5268533470919959 -0.2110968877723882 0.6532178183546311 0.5660833397962818 0.3790861689335404 0.45931750477067135 0.12223188368961903 -0.052667893081200255 -0.39013990693948064 0.7364328354176108 0.15703833735882877 0.38277406664377095 0.3808145083224209 0.11924794064074541 0.0648032831769826 0.15141478171850284 0.1716280796932757 0.25173854261967976 0.6215349480947068 0.21292316004215153 0.16308736054727002 0.5448351688193867 0.38052758373384216 -0.009641337506397533 0.2619709522166416 1.1959754900769797 0.0657513023457229 0.10950108457370207 0.46202082920171395 0.20582098739834906 0.18321729057849484 0.4288774113756769 0.40831215917954833 0.46272769322568924 0.8974123820252866 0.25845171125832955 -0.36432662788778314 -0.5430804155310879 0.2594551709397309 -0.1032146997177469 0.2833096677710031
0.9925835673949414 0.2850970554716038 0.6680775089143609 -0.11706437124269754 -0.10187330495129364 0.008949858618535256 -0.5594885937091879 -0.11482713684050035 0.14657100161238457 0.052646682821591934 -0.11804774471213533 0.2400490892533512 0.25399951790456177 0.1020974282341287 0.18732256133387443 -0.18726327946087243 0.18701431211646727 -0.06871312615965655 0.3515761997808023 0.16534810990883153 0.3061153640326805 -0.15886204423441813 -0.15110707164999698 -0.31646729693144016 -0.022908565922133008 -0.06842473100135607 0.0671284430454076 0.5246075224849612 0.21265759645690432 -0.15416470796880327 -0.14453209492065697 -0.49048749584912915 0.031969184396589405 -0.060754841223780096 0.000520319443907064 0.09205279225219512 0.031569346156225454 -0.22768382356701988 0.0871595362474137 -1.1095221700457025 0.14631611845724093 -0.05287583352531503 -0.005761303294539631 0.4822644246120027 0.3480914145609981 -0.14424057103701482 -0.12748343048113156 -1.4147563953056115 -0.82949950018441 -0.25231314642565733 -0.030601788957057376 0.02722653026986946 0.2751484495569501 -0.12860512515685643 -0.8678727641582253 -1.1472025644137682 -0.16503230066280683 0.043223601113697455 -0.32708620932565946 0.0720969674741526 0.2795480666877496 -0.8543784589256538 -0.9540719241329724 -0.6049593549666243 -0.09522997445059059 -0.16925495169164498 -0.19326425677068548 0.2908415592817781 0.04349372805742457 -0.766406920383171 -0.7711307327529541 -0.7828813396602323 -0.09007673318529401 -0.3621745394192183 -0.2651282709537471 0.032822486497604816 0.020855767676705675 -0.23149307669254426 -0.9741767930623555 0.013806991680122916 -0.250104601643278 -0.7171258983467029 -0.4043629238982286 0.1916453212357421 0.15292577086043235 -0.5046210845003192 -0.5690402843443552 -0.09576996686401894 0.4455415188770363 0.17348596325074714 0.20787391294868096 0.3088887721878376 -0.06177930454301187 -0.22818513446984398 -0.6364707353257558 -0.11995995582268565 0.472035418461379 0.23658963423963447 0.2735469998992591 0.5033141618678902 0.39792755703229626 0.0765281136122778 0.01647652981534463 -0.7482251763525327 0.21553863416945498 0.06435210927239682 -0.2309523205365776 0.278066443657219 0.31869684265877557 -0.21765312870480719 -0.16920203322796973 -0.2433498846334458 0.4793778770576302 -0.14115982759951454 0.532138029681062 0.16236093065578067 0.1844469816686361 0.43757365742011817 -0.08602046584348527 -0.08029407233642362 0.22471136670921624 0.5683793989954323 0.1865019599558415 0.026529575443642886 0.6934822455188805 0.34106862330450066 0.4722214966651131 -0.007223873615392466
-0.20346055041118433 -0.24521806670984048 -0.10717436022766737 -0.1330966283528926 -0.36108321672982696 -0.2815521629327946 -0.32430284383625313 -0.20247784514904527 -0.09006201395267192 -0.2659707828344504 -0.2754193538520554 -0.15034549456943616 -0.34804398068411074 -0.5125621594321685 -0.361401574030644 -0.2198255521964122 -0.22172441960280068 0.3177712997769732 0.046726273107551924 -0.23226239539434013 -0.23473525518504731 -0.3371703312072844 -0.2223271016767478 0.13295631181557283 0.12402579776388925 -0.11669692642824371 0.04419785491932538 -0.22925187047484258 -0.1830710892259097 -0.1576296800208506 0.3571788262697798 0.1733882399498396 0.26818381809687003 0.37234714041639944 0.23266940666876532 -0.19727806154206332 -0.05098680280433418 0.09043401327837093 0.18681645744297917 0.09253376583417858 0.2634702816484437 0.3822705862686712 0.2486945024174922 -0.0025330087182618044 0.30985885481072445 0.08617024461112384 0.6777932703384336 0.11864457770322373 0.7337607356801438 0.3586803527110186 0.3824819575550443 0.14417577820353306 0.20522389706744446 0.6000660606086967 0.4630264772246322 0.5260660316609903 0.1983363880864756 0.25737759296213847 0.7876949889550292 0.3909406749553551 0.5224734231335576 0.5614586416626264 0.7951988691315507 0.7535508698597971 0.09002062320834196 0.2556233893028613 -0.15627513271312957 0.6378026482066808 0.6104450312203171 0.17900349979829935 0.42911894335492456 0.4184862329829827 0.40385460410988916 -0.20117611494223459 -0.7151983983169384 -0.0838496842548483 0.23207790777437323 -0.5374541545141981 -0.5809087221522903 0.3031053528184488 0.2928827805029955 -0.5342869572139661 -0.9121039098763257 -0.2069499319175146 -0.2477482092958145 -0.7065024832488104 -0.31974762069201457 0.08863879708650287 0.45071417395255076 -0.6773608663376052 -1.0875413373446106 -0.3843805180699076 -0.46529850475935863 -0.5984115936996365 -0.6645463242963923 0.14610915082345818 0.006276297388257976 -0.3037945752637431 -1.0037353014915031 -0.7387970851032146 -0.5078104797973261 -0.23311687670624295 -0.37158462729483765 -0.04800576097111684 0.0314240372198286 -0.3074919302413563 -0.8162239608192517 -0.5314179601745773 -0.3323227474897461 -0.166577578195324 -0.2833534897679336 0.07143110243922168 -0.04489156970053741 -0.34672542965807684 -0.43896370207457275 -0.4509342505750306 -0.07122358125122576 -0.345156233019825 -0.1910724375797337 -0.4021816140430828 -0.013559824744055366 -0.25814330480393366 -0.271330263778039 -0.3017900046408255 -0.32207146269728193 -0.028041336647154105 -0.21309406692182575 -0.2226069355379811
0.20910026462871095 -0.18230426954297152 -0.11943177585033478 -0.10472800407981328 -0.17619729797169936 0.1386013905365412 -0.8498411482481989 -0.43648657464332463 -0.15617831258652898 0.25867519063800404 -0.005592588467936391 -0.14241728136000784 0.07574233415077888 -0.049109934114576925 -0.200609155138685 0.18053186863244633 0.3990373635076527 -0.3224301421247211 0.2430479088058548 -0.04359988943997043 0.236002589172771 -0.08594776708743296 -0.40055933973085733 -0.07080838361688112 -0.07963927583758311 0.3353708193963704 0.02692192892831658 0.056458274869455316 0.11217609676834614 0.03319747472334168 -0.2758547403098984 0.4067911903543921 0.10803108968105016 0.09013763693506112 0.035395983458256446 0.10536369575079779 0.18639797992995472 0.062260232033806893 -0.007494325851644812 0.3768200182582228 0.5069047853909946 0.18847035086453395 -0.006328298401130961 0.014775821308197188 -0.011919787862060998 0.32712552655042487 0.07691602049348956 0.31641096657797924 0.5486171651295269 0.20468621123019967 0.22790297106891702 -0.18427508876910728 -0.04973015889300112 0.0706932542043018 0.19151298846567213 0.553970854713174 0.4608917062588641 0.639676390825927 0.20900985272857558 -0.011373258778714429 -0.7143629935514194 -0.0867105732436517 0.6715152923451762 0.8773990958765037 0.29478305012584743 0.7846645723663879 0.4086605879683836 -0.09332531574876954 -0.6481237171194438 -0.1477577373974682 0.6610704583644357 0.2645099104888745 0.3814839387338907 0.33032828162806044 0.16361803245905304 -0.08561159919408601 -0.9811081027879608 0.21539267407719104 0.3567582814552905 0.6120240099479681 0.292800061765714 0.24000343956184206 0.0015238259399852196 -0.5469588151671236 -0.9655665816059498 -0.04830286584858626 0.14673456826544778 0.8101000883677469 0.3795593935486799 -0.21102730013286977 -0.2788945822263236 -1.04549277129226 -1.1570332934945426 0.05393399350045681 -0.05003017621846534 0.5502118302797244 0.20681596452378123 -0.2990818086613164 -0.051663250482879355 -1.2431839604279176 -0.693119942717367 -0.35030135398215784 0.1803837619231882 0.2995967971737806 0.34394175013910666 -0.20540683132978174 -0.286579737796962 -2.0107405188276117 -0.4447630721335 -0.14639420115760268 -0.09961710968834217 0.4932550454808399 -0.1084983444522996 0.18944214346047397 -0.5940896190310527 -2.0285850830662007 -1.1919181254900757 -0.15187008986367911 0.15937037211456037 0.03386232392274788 0.38841591663136427 0.18471020431981675 -0.6796302656371704 -1.6139008968192008 -1.0918863126681435 -0.6301598514911482 0.1408335234295337 0.2294481600983606
0.11265089418361927 0.01910376094656526 -0.35280738638412595 0.2858600446751762 0.1768273540399628 -0.024168877722098216 -0.1301898355610996 -0.2447756612617621 -0.6100695090359591 0.09884356092604628 0.28031824415875445 0.14925793343461333 0.18369311242139738 -0.20485387612082842 0.08353841366744802 -0.44643795751730436 0.03323323165296706 -0.1185987901001429 0.08110676035644591 0.4093313899347852 0.1718510169270368 0.1247957076625535 -0.22822434502464972 -0.15125282239556648 -0.01336470418032848 0.39203756156376574 0.08438502373791908 0.4443048508392983 0.2957572791787501 0.01844129157682389 0.08348798217363286 -0.31220659874817347 -0.05311963354027267 0.1350922831978157 0.4605632197104537 0.23940896166045197 0.3257595685017817 0.20937920717374586 0.015342388968208786 0.15439020038459766 -0.14027802590592647 -0.07333456716447319 0.13233929366075037 0.3819853382179228 0.37483390851832726 0.4004573185459978 0.11795264819746223 0.4830073807072244 -0.1513931988781247 0.11151236139364604 0.045029516268721696 -0.0045246543281379226 -0.07337868493379489 0.022287638250091214 0.3321171530585316 0.7525732068013071 0.5604722182378445 -0.13595352412716605 -0.4235957069927976 -0.6433592528702028 -0.8219247020644866 0.08493491139770766 0.3761175691467079 1.0057375915357947 0.6535970236251623 0.008768474523311358 -0.3501657873092319 -1.24845227894522 -0.7405751653259386 -0.809795913908245 0.038774948619255546 1.4461819188981264 0.6519843187553838 -0.02936044437174089 -0.3487524345123426 -0.5011880358785202 -0.6019894360929104 -0.021753643081389152 0.09788483083684316 0.3571508671498367 0.26551295460290036 0.2532078676584436 0.03108319489006432 0.1245903788184222 0.023010294968025168 -0.06546565912064924 -0.0060074910502359215 0.02344801299622931 0.041258205618248375 -0.12368274849804904 0.12271332735172172 0.16734769170579541 -0.06156039906294373 0.1815296919040179 0.03433403707604099 -0.28742760995597794 0.14553684423356347 -0.14290582636106505 0.1184863166651736 0.39438853304592114 0.008169104369632063 0.11071194928530677 0.061261164620488896 -0.366842950882988 -0.34712845985931806 0.13529049117013273 0.10429097147455925 0.29410147127478536 0.43727777669655143 0.06579037083914963 -0.056188896008461275 -0.4164038666156972 0.05262768249795051 0.1682633024844527 0.45311230139714836 0.23979956168053004 0.12169484983096993 0.37229738137287305 0.03045905361753355 -0.30636732160019947 0.028377915946776532 0.5974324628209342 0.24886494850660862 0.39233258176400115 0.6915495473364743 0.07261869624945202 0.07832234820795275 -0.4457218324357994
0.1276256957791276 0.44157829093364115 0.9182997404700747 1.1378947558118568 1.1142695747481481 1.2590025657556112 0.4892022790691358 -0.08436983900164018 0.2601771558754135 0.43724473041641926 0.6931246987807149 0.6029988486131759 0.6285266960335337 0.511047236315687 0.5252098681335262 0.2932463611189462 0.6506756108075464 0.3132251364363186 0.48802901333577536 0.6758205980388794 0.36825592628490733 0.798564745867095 0.6043744857916836 0.3018683280310788 0.521839592192059 0.8109625221501658 0.4341024626005233 0.746457134913741 0.40421023631980363 0.3340555463715979 0.4033086015698018 0.6535486954945282 0.14660310949053562 0.05535040231710373 0.45526571977550706 0.20198338101933072 -0.019023167079241 0.5436015086444721 0.47159764598768006 0.4958058579843087 0.09558043679129659 0.3657533159621093 0.08915549686949176 0.11721215437249416 0.17269829820609495 0.31646908429502607 0.6013855799230742 0.738750459663638 -0.13240611930100918 0.08405711929098852 0.4359103260637425 0.26283860180745283 -0.1461449756528633 0.3004236531007946 0.3351004296380063 0.6660052228577662 -0.15737511733286982 0.17594237488044165 0.4734106719785254 0.11978500396646609 0.08993120124070175 0.05800777775649138 0.17767807746596087 0.057028554021638825 0.17075784658696547 0.19767064009744387 0.13068824239044016 0.09422799535019344 -0.025431188281486314 -0.3040039110462993 -0.23610425967499366 -0.10733697202395323 -0.2823319601780768 0.21502469031367594 -0.07475499282257587 -0.011964056414254519 -0.09880780976871568 -0.4080889092298016 -0.7345917201920513 -0.7881427810696813 -0.08426522400076793 -0.020349035258695594 0.039892164848071315 -0.039871450408734785 -0.2516325080398503 -0.49449796811595514 -1.0350790477136846 -0.9394013277716146 -0.34552977157077547 -0.13372549798874425 -0.16662786280900674 -0.4145451567873295 -0.4371824738234731 -0.6003057808364236 -0.7757700649972804 -0.8609867079174821 -0.23329529130621013 -0.2572146978302797 -0.5046552381656251 -0.23250232173018992 -0.1926478798361848 -0.5659069993495675 -0.4099879080177497 -0.907093852836167 -0.5570915771850843 -0.5108904177010195 -0.2538259407120491 -0.26395070829995704 -0.29340091662079854 -0.9956252558182147 -0.3810032729227627 -0.5562830494183083 -0.11464809691582986 -0.5869350124248319 -0.3129305476922959 -0.29715423986837686 -0.6275837487247268 -0.1163319207261401 -0.7685774990763405 -0.26611300952154443 -0.38435298682375046 -0.561799815095344 -0.5337777104698731 -0.5494304318395098 -0.4693864226611463 -0.5364725174225726 -1.2002484461733045 -0.5033722690495279
-0.0641441018401622 -0.10045611014529619 0.6331906461808812 0.38616996320570884 0.3030509064281739 0.3614847820615257 0.37885853824100596 0.13778715477968215 0.06438334803584425 0.20200409207477912 0.5480220549554392 0.34016536179732104 0.6111123235041945 0.25860783268223375 0.6212827607310377 0.3004071839494142 0.2245636325466583 0.48569694567872196 0.42959686169560013 0.5462126455081747 0.41082265372611537 0.15710324888093954 0.5472268045128983 0.003918145484300097 0.5020841623947035 0.4013052829619772 0.38307709515510063 0.3877664597326654 0.29716946683123807 0.3680012876972187 0.07014915486689616 -0.05976988882778442 -0.004291284870607437 0.6378242631828347 0.5125318101160579 0.11524660204742082 0.5334727558422094 0.05130296655922499 -0.027553934127074235 -0.6024365393542537 0.22318220206968722 0.28305253278094034 -0.06020292870998786 0.6295055208550057 0.18138895409514763 0.16797802932461198 -0.14875813432748616 -0.22808230073478553 0.06928412300999037 0.06887095150759731 -0.013976244170777702 0.22134172957535375 0.10959663581199726 0.019005519654832333 -0.13646764522584204 0.049599839832032894 -0.5520602392995573 -0.32507153972719505 -0.01969232541610621 -0.11970912052640324 0.3345451319593451 -0.3943541348717868 -0.0936599403027542 0.3603544200933534 -0.5191265399204464 -0.04516766014355401 -0.22830733468984096 -0.13097346970967066 -0.36114064046114513 0.13262983921615326 0.13530803903233282 0.2060614252132164 -0.5434005683880456 -0.38868550942690394 -0.17591667336893213 0.18006919347477074 -0.08631754115896412 0.16122844627172492 0.2505469784309093 0.00536147322500228 -0.13950477055657584 -0.38999503732719515 -0.48538255405716596 -0.09660565710405745 0.10484911713111711 0.11376216643906677 0.17973735172450697 -0.34691118958445755 -0.1977793490080685 -0.12514703278636624 -0.0425993718451895 -0.2345614303890095 -0.10883716277184222 0.022401475855269835 0.1555711048988526 -0.23219444230913516 0.03763744217838685 -0.3644690574304745 -0.10939983151870965 -0.1320324281802622 -0.01662623947606479 -0.14184231189028923 -0.7874408516048016 0.37505724203418184 -0.36268673537485857 -0.22748802066568732 -0.21708612702560084 -0.0826215165977802 -0.37526929834533107 -0.03200876635226507 -0.06461359002071028 0.1656076533964458 -0.24302719364488992 -0.1855337230452811 -0.15827488608008541 -0.0562724506263363 0.08547525273074495 -0.5775494149417985 -0.2486830522011046 0.18763130857236912 -0.16265134062720876 -0.13685139811390648 -0.204703362872431 -0.143908683534812 -0.24280648316214362 -0.28678189223515793 -0.19109007502262038 0.020981668300534297
0.6140781912196785 0.09487529623389214 0.013163513847700235 0.45559148085365175 0.7445409438112698 0.4716289264609015 0.44803701179892597 0.5977106447924833 0.2233754986722309 -0.0851128006235572 -0.29689431394207183 0.05102428070708103 0.4156520229066453 0.3555574484394434 0.20641369178037355 -0.08127060954124495 0.5702678141918993 0.635873094157085 -0.057649259243851086 0.06390431999601714 0.32276576895127357 0.2219056471863462 0.23421358123858527 -0.133507582166246 -0.10884228825633303 0.34091804883982024 0.6860579600999192 0.19167543901380565 0.44850148225232755 0.30419442554172 -0.08999634936968717 -0.01143781595488765 0.39388605949692285 0.07519591318436601 0.14248161518978422 0.37072348792470555 0.4178469091076633 0.34938369782630646 0.08340270435197808 0.3294691244704883 0.43998162717088335 0.4595611417343269 0.1484061565488843 0.00555044308347611 -0.0017450599547467415 0.16391872080959544 0.3042969430184904 0.11310069283053022 0.7685058730755322 0.43179119942056887 0.26281735233008374 -0.15374251842761932 -0.20081062141258965 -0.4003249987620281 -0.648958851856751 0.4310693763721499 0.7061313733199269 0.8302986009296214 0.23660148015181381 0.0534904902456257 -0.5588892301648098 -0.38106282972230204 -1.1104401481749808 -0.9781047982819377 0.7129094314993415 0.8134842249554229 0.5851600717610597 -0.06536968889568756 0.0799489974975017 -0.7015349008017889 -1.2787801347081926 -1.3719137329956843 0.2454454477883556 0.6650461729414416 0.4803249568244487 0.16509892927343084 -0.16025598079232803 -0.3486654855000379 -0.9299900821985916 -1.4801389514935586 0.5668695933097694 0.1500931198880361 0.31690121177443575 0.03962371291334612 0.028051781855437448 -0.15289097241703858 -0.9243541086820569 -1.8940043237758937 0.012835926282609792 0.08314349619792923 -0.16994894147088557 -0.0007737982003250275 -0.016403877283570862 -0.7570424277045545 -0.6070019117984019 -1.7739794891924967 -0.15019865035314217 -0.41450505324805414 -0.23871755971017852 -0.11705082372475346 -0.10167712432880832 -0.45743973486660966 -0.8690474757776546 -0.9101880896970513 -0.2239335127505671 -0.2738423350617891 -0.17343367316597516 -0.09056372713625363 -0.14652439407958912 -0.300276013725477 -1.0586456994573936 -1.0179518603157245 -0.42833229616298196 -0.2348135008241493 -0.33368961374109557 -0.32214069412931085 -0.09188050039464384 -0.1284166043679518 -0.4649617305161184 -0.9434830384134 -0.22935997858883284 -0.45931588676367086 -0.6686666455540037 -0.27866456750767743 -0.666978747087422 -0.06551542502255031 -0.4198584626000077 -1.0384284791349239
-0.5399518354912769 -0.16098987546361396 -0.019165242869928132 0.3190797967077195 0.46176805391702075 0.34016353378104724 0.2692604112496005 0.3362281836248058 0.025499440331195947 0.13126268495117144 -0.012870993909315719 0.1799312409278373 0.0623151657213061 -0.04988611959002355 0.20014483316445347 0.5384256277568014 -0.44873959414179065 -0.09062558363670076 0.17888745022614105 0.2925787446186363 0.10646105815112512 0.11371644260094732 -0.010726623751497622 0.29661069726973066 0.3323276418916882 0.13664389770606897 0.19511289270551474 0.13206819782233975 0.19432940926355927 -0.058626334189064606 0.15141745693435563 0.35936068834416784 0.15449353665689933 0.35246626037333695 0.3947912115644521 0.2963654175178372 0.01140635123509522 -0.156054559845155 0.1610356317674099 0.32555168022273717 0.15281072108651403 0.5590812334632784 0.300634622481429 -0.04594869759437807 -0.21806148204576087 -0.2104634182895656 -0.937946351920138 -1.0005577602529865 0.42424802342505585 0.32664500051789375 0.22573211826988965 -0.27157552743922114 -0.1643095222893801 -0.3730960024908829 -0.5867508577737299 -1.8359930249325884 0.10318801655512337 -0.19406582794142305 0.1817230947471722 0.23203325359296695 -0.42899100879337254 -0.045439351216585384 -0.5370127651316409 0.05772180991884828 -1.111255795819792 -0.5724657998252975 0.08809454396528933 -0.268742240366478 0.20596496706690728 0.17736291475014304 0.5048673119812944 0.9211700844787788 -1.5193875896304623 -0.7421970064133524 -0.7382848588686542 -0.4179958595296347 -0.20616825358153845 0.22884751761402838 0.7930020045690728 1.032498158697486 -1.3621819428206017 -0.6828186666687273 -0.622317572582674 -0.5745666437871773 0.20371859308939733 0.9152717461194075 0.6965449916789663 0.9733261160654022 0.41542361942966355 -0.2713810753795619 -0.1288883903518415 0.05057740008622407 0.3980881773503629 0.17173836548411148 0.47667768456995835 1.0749893676668683 0.1460494745854788 0.22655465111015108 0.0630043818969768 0.10711829920151385 0.2375456285925478 0.14754576315800808 0.2513865169223233 0.08013516676737521 0.2630189422101208 0.31479046614820877 0.13302935441914313 0.4174952326003245 -0.3597564780323115 0.27810961844073934 0.004633495229970945 -0.038030941853106584 -0.15723702108129764 0.34673970156866735 0.1442543965163108 0.09832600928736432 0.25390802305906185 -0.33822376047535535 0.08996793803135798 0.13140853843996542 0.9291644409214438 0.06865109353696222 0.3584644363036428 0.3788601507960148 -0.027082989711613232 -0.35085018526783257 -0.3451537925539436 -0.42679722086562877
0.3156198008753529 -0.16120421288486075 -0.3086942440870429 -0.5708099588853313 -0.33570711232224787 0.32959206191257384 -0.02048217999786845 0.8306673572530274 0.19145271148886675 -0.30354999444914144 -0.038503074906716554 0.32212276100249454 0.2599464525919766 -0.04128625534102438 0.1035107548593353 0.06119749051205622 -0.08556542117206256 -0.2797423000696168 0.27121011421510266 0.359732609116164 0.33656477819401154 0.10393889166251852 0.2999615911007135 -0.1419152932413727 -0.2814890713248313 0.005364292391123202 -0.00868625484147794 0.2911927387050677 0.4290598437540834 0.25568510003353234 0.022788747968513455 -0.3607343575508241 -0.24209074392374583 0.07862755470780967 0.42608774946531214 0.6169022753427678 -0.13775362642495892 0.346016653472024 0.35870968321600943 -0.26411767254930635 0.09409203276605015 -0.12966425726559333 0.2215543479344615 0.28567563775972965 0.5515840535995326 0.22519349965055288 0.2453526683417118 -0.15199429310421042 -0.21854109663472007 0.23761870055011194 0.09978354249364034 0.20680610294376647 0.08115735123129447 0.1695580447915753 0.48558078281152683 0.3254031134125561 0.0025697959995653655 -0.23943757015457778 0.15191490896715246 0.19401235002762954 0.20334140612687218 0.2858451673647441 0.02427471163408958 0.2830516699599789 -0.07135832303714607 0.28268758597573657 0.13152719693769122 0.18727575149302944 0.15988039046155264 0.3238980281844359 0.17664846514596858 -0.015402866989189414 -0.40824519611715493 0.03251972180711254 0.44174322006898603 -0.11596493541073415 0.24882599753365692 0.05705193584603463 -0.09372602909342516 -0.4740400391743801 -0.6139872966513522 -0.18202813134883594 -0.2655199648334641 0.049472062718823505 -0.10749968180492087 -0.12027148136881073 -0.18730203277977767 -0.9945213848548847 -0.8089431650903519 -0.42224823342702816 -0.0722809554223736 0.19819665518679408 0.03231579567437861 -0.15621648942656233 -0.24103799340059454 -0.3138232044920806 -0.5890170204385532 -0.28357441169787095 -0.24463512777261667 0.004031444857543331 0.06731158590108088 0.06097470387670161 -0.21227096663683895 0.08634626049946198 -0.9322367274478023 -0.5503586432904115 0.06579600353320801 0.2103884767266753 0.312259275155963 0.14667765534836585 -0.11426875037354518 0.3167118902807436 -0.517928612172585 -0.22255022079219922 -0.40532380838042603 0.1545965662064547 0.4414794420007619 -0.0315039848080905 0.15119274471620042 0.5436618788123762 -0.139547087863002 -0.9633698692122937 -0.5508152017057213 0.2006716087855352 -0.20944568167710997 0.41386280691767446 0.5285544173762956 0.6075504592350993
-0.14479420182062264 -0.3389061674196751 -0.6374041631992967 -0.983669277834327 -0.9958143673698698 -0.357801048898537 0.14330838940967117 -0.21566219370158662 -0.42072625227664384 -0.18111138298452795 -0.6414539662600124 -0.7985486634335722 -0.9466277047671254 -0.34616910737385365 -0.04662390585203621 -0.38132742445696965 -0.14561781639121257 0.05589519135450917 -0.7348131370336762 -0.8270494785828396 -0.7124234129901786 -0.27167697033150207 -0.2103932359029625 0.24416998917886784 -0.2519573706029593 -0.10744857807055633 -0.5747582699072706 -1.0349398851558964 -0.33532685804322965 -0.43177347487627943 -0.12800511265659748 0.19894391278118642 0.12471158366528516 -0.25808908080816945 -0.5867231809653292 -0.8779186174274951 -0.3344272471058391 -0.07900103664748728 -0.27427452224957816 0.32860314031341925 0.38673402050913863 -0.4399957473789216 -0.4062938676149881 -0.7306536677538136 -0.5003089866019517 0.023653785200274648 -0.03041740463729728 0.9508190711810085 0.7539008464580467 -0.06420520365961777 -0.9116727313892151 -0.5745397090930269 0.20469849773929927 0.10161748654599413 0.44640321519560855 0.48478293645224135 0.4206279815868913 0.10703225257990351 -0.5764504395259697 -0.43231607724663507 0.21414328101971378 0.3414297272811643 0.3986733637003335 0.27198286973277314 0.9942449786818265 0.3256760028916554 -0.7581276903367528 -0.04412568907605709 0.3000178001136331 0.7999634047610075 0.3528942513334381 0.3549632082688521 0.808142448497052 -0.047413196796699544 -0.021843409076140217 -0.3711391329383636 0.2127471730073408 0.5102039251246415 0.8325228021782908 0.34197054100929597 -0.1258221378452175 0.24199975090685957 0.3364547714691884 0.13485414352645744 -0.024997594582348858 0.2801752506371346 0.6073274101336597 0.5290467025477593 0.028038932759580637 -0.2476127544912332 0.221810285944083 -0.1530778017415735 0.32913920221260407 0.2305247836752115 0.5697129586140548 0.23080859126824446 -0.18281305717846794 0.1575031089667185 0.372924777286507 -0.17349468733059062 0.049557088529606205 0.592578414794531 0.3194646489326122 0.30388459929405953 0.11197871441803366 0.1695471853394604 -0.12294323305685936 0.42048396760100565 -0.05290706676395874 0.2684289668317444 0.6675981478394775 -0.18997970465695552 -0.5741116481776709 0.13556945263086262 0.03846600278533261 -0.015399126439098588 0.2797314270950153 -0.08434402652464007 0.3186305620055565 -0.19044425200730755 0.10108935529963253 -0.12837601820195468 -0.07091705647939901 0.5733535083751587 0.7162336519084124 0.4153344631503295 -0.4623237007223451 -0.08312269520899848
-0.2435196844026461 -0.1343520222253573 -0.6363060361535484 -0.602991294268284 -0.6735090167842186 -0.20031577299636374 0.4540987887957285 0.40767002296959065 0.20930201133496462 -0.22094566994040107 -0.6836388419985914 -0.5078227496183687 -0.9546550582792437 -0.013480230363577646 -0.14484272209277488 0.4902308138502622 -0.13592156333275496 0.192807094695193 -0.19537546199288952 -0.9324583001506576 -0.7138908079733792 -0.3223492618933773 0.49771036672194685 0.8779299499839512 -0.20384559595856347 -0.309064307709696 -0.13744415788477057 -1.038645181123536 -0.49018098922511305 0.010524000198703701 0.4881004291584672 0.5606467289637964 0.3183942629258975 0.08694898029027807 -0.2203001451219225 -1.138716006375926 -0.4129231548280045 -0.16691492574871422 0.1893876581211204 0.7137104952703363 0.7547303792529778 -0.11349504878826219 -0.3554843363579758 -0.5189622816990941 -0.45930774954392367 0.06704775601975725 0.1599651254201111 0.6463555147534708 0.8045326148431541 0.2461631309187007 -0.34824966586135764 -0.46342713474688163 -0.49857003179088655 -0.2631193728460677 0.4695840200549475 0.32097008625533463 0.45054823845833797 -0.07461667803785338 -0.044665259039340356 -0.3910879067657377 -0.6790141285986685 0.17752003387899462 0.1868194857667814 0.16138834818736597 0.05379040136555411 -0.396875765128603 0.055359106722413245 0.05938784277449252 -0.31773327530715806 -0.2695299275341124 -0.1200539388463662 0.04915856942878646 -0.06345453302841647 0.20317133318897554 -0.09062481155331416 0.2776423993913626 0.09113767905757053 -0.16587459408058966 -0.029033804724721394 -0.3474849233622996 -0.33666816332446275 -0.23188806864142736 0.3036694149261012 0.46852802730233095 0.04850640753967905 0.16838488636432633 0.1294029396218431 -0.24816918830386525 -0.6154520569293519 0.15602105969760652 0.21177187083210486 0.3767733603185511 0.3056324181237718 0.16906810959594512 -0.19150562670761384 -0.21651507986822124 -0.5754413595236366 -0.16584201589996603 0.19719528370995185 0.09106756104776727 0.030545571601325008 0.24506644366180988 0.1319589854028982 -0.4523100382627211 0.23224434706145133 -0.2860135222510992 0.042389905923901634 0.3499185395847014 0.03768236911078019 0.1515549920253768 0.31543526347070105 -0.45519586867802375 -0.4021954320927634 -0.22494074623167307 0.08766969513322018 0.1533994667772677 0.3457180532680753 -0.047705913896684646 0.030632364185226486 0.18484015209496554 -0.6748021210746067 -0.29556670096997084 -0.24634964223454855 0.037134366939156616 0.5752413738910322 -0.2673244040321486 -0.10040448946014963 -0.35186072901817267
-0.08800192183488253 -0.12570612054482536 -0.1509124965587574 -0.1977135783116176 -0.1902956842684078 -0.2115933214486391 -0.17759748447439686 -0.2417988274410234 0.051787459023852664 -0.1955936081595391 -0.17630209509557365 -0.1720948995258075 -0.15909582275311673 -0.19731464612187682 -0.19347410492595896 -0.21881623351058938 -0.11855204757309071 -0.3344065831555057 -0.3359846200015657 -0.3690562049424834 -0.3276003254718418 -0.14184529935190857 -0.34338207239386254 -0.1777525373279087 0.022646067288472804 -0.5967228998307406 -0.26674153749488505 -0.3549156914383911 -0.36521313996651456 -0.5934085066329778 -0.39014877176724166 0.20634374321482848 -0.04902377296318218 -0.875607065913273 -0.3186205772704347 -0.3238319939130822 -1.130096656862579 -0.6116199405366692 -0.44825344520828503 0.42483266486477383 0.09392674544475825 -0.6837553806815051 -0.6655637642456992 -0.5742611300001808 -0.35385719250706926 -0.9260868687039139 -0.313778749639066 0.97019575598349 0.22920113889252006 -0.9052765288965012 -0.43126255767077953 -0.27827777643909146 -0.17720901774481881 -0.7043958327731451 0.12824446246542973 1.6210811360284603 0.5213999400181204 -0.4071099879337725 -0.11445625542675064 0.45452082740291505 0.3727870903113634 -0.46170729134424526 -0.3043097508112723 1.1605277790964006 0.1653434186711265 0.10999668269914997 0.42887791242062145 0.5485116136565129 0.5473989739549486 0.3608595536191095 0.04326745686573217 0.2256942299412207 0.4050884281578639 -0.031197632895437272 0.4956157874239806 0.7340246265537601 0.22951540977443832 0.28695896498099244 0.024198746538156148 -0.010281233638338418 -0.3535069008585544 0.12332755179445241 0.48766480474153606 0.45055971838983805 -0.06339666324953956 0.19375936126726587 0.1593651682986983 -0.1220122971853972 -0.11422490318904248 0.20431868090652883 -0.17272147034724686 -0.13917418704222131 -0.23339564272045085 0.16104968643456913 0.34179368185351827 0.07620943926235431 -0.24753667174778787 0.21412433013177376 0.09858984364060366 -0.06287587978587865 -0.014351053832426982 -0.2514312709127927 0.03293765783343115 -0.4768362114805352 -0.142037245042472 0.27828427025305646 -0.2755476235784051 -0.42573842218493024 -0.3766276352272503 -0.2498402157615484 -0.28205002263343276 -0.5006367566418585 0.1505201322477099 -0.1119738803216511 -0.29776597524716375 -0.28531315820709946 -0.2485327174817402 -0.23356960574164579 -0.2135233146510585 -0.18141483046990525 -0.16247927318624017 -0.1685818976298829 -0.18232501105018065 -0.1724311381977428 -0.17446826955518016 -0.1644294098029132 -0.16809731452904972 -0.08214805935070493
-0.052710335835050574 -0.15272732066144995 -0.25061408478255565 -0.3229908958444249 -0.18443888311443643 -0.21951634801177872 -0.10095160267877981 0.03178698689553433 0.39419287749312226 -0.40425190435096403 -0.2743130814882558 -0.07372953600320581 -0.005195963670411768 -0.05560762019356378 -0.08907316025087729 -0.19188878991252106 0.2840555069389609 0.10795972142612457 -0.13893052751722135 -0.23784396286149986 0.029924289640118635 0.21432373074584796 -0.06726808282473506 0.2072388080080834 0.4273038481058896 0.38162471800393105 0.21173700060145406 0.14249967210262116 -0.28800595725817796 0.2535632166149837 0.43046061280409875 -0.3456701917001675 0.2985895738133196 0.3251922164423894 0.0013893232474383559 0.037441040132082416 0.024618629793937752 0.06843603699556783 0.7015598008212369 -0.18938304285408028 0.14447640691095365 0.4357062918515907 0.06987035615645353 -0.013473002305474545 0.2806272110533213 0.014313081466047952 0.054610991775306754 -0.5488862521756933 -0.28765480476163585 0.2517012453322714 0.25375534034460917 0.45753815256782226 0.23503029422490285 0.24429580658435504 -0.14633068132050592 -0.8610719930947278 -1.2992460677252993 -0.07982787166419017 0.7818475196431273 0.439294701122504 0.22897050628508542 0.10801163169413601 -0.27032014374005764 -0.3350932044236256 -1.3312763630821411 -0.23623403711949023 0.2415100650342317 0.7345487184722372 0.3716419172849787 0.4060746330208241 -0.055651805795737495 -0.5793158457718247 -0.639020360939913 -0.057182363581905565 0.21016225136536487 0.37300051262720113 0.3758329735442013 0.28159373537507876 0.1330426407777666 -0.15560464594985438 0.38307265267220697 -0.0754295678708375 -0.30643445187437923 -0.1653685419746031 -0.23398977319136202 -0.030192760322669814 -0.11044902465658286 0.48744533590454137 0.26449168825546593 -0.15252238918864702 -0.2912672467634106 -0.624013694557524 -0.08005317797716598 0.007728446285141454 0.16990538085274556 -0.1966151459480664 0.5875806545496186 -0.12062677783462422 -0.356702117529938 -0.2074355556125409 -0.6493172550073617 -0.35179442790695065 -0.22088866881021435 0.04456223113890025 -0.060315336473186223 -0.050074469495913994 -0.2500074075936386 -0.03157202214305355 -0.49922365216649983 -0.04615868408622521 -0.06589557062300452 0.15296126492165546 -0.2789846935568273 -0.2026528365459611 -0.34797727301111403 -0.15375992592049312 -0.2819552856782917 -0.3105603832703922 -0.12680498924164338 0.41322447063160744 -0.17652174434242313 -0.031058005272875385 -0.2656450869567877 -0.15589416837029368 -0.49396092001926584 -0.6474964628162769 -0.09060886876195952 -0.3289555282187535
0.6623805306844851 0.18200296537158064 -0.09467271315396582 -0.2454872451162126 -0.4606401519535703 -0.06084433102273592 0.4929615660144942 0.19850945873765352 0.6465547404475439 0.7563249803118186 0.5022477624778917 0.13755859480590202 0.25118249415256666 0.08332622873365889 0.23548549274856456 0.49515329318180284 0.38991544551343016 0.39027795779905006 0.4922231642103386 0.16355853788285635 -0.008988189522103077 0.42553757596908726 0.35787025447858745 0.17500656286109945 0.7153385390251309 0.3231783667370879 0.2880566551012915 0.8449194493113402 0.5522482632620258 0.3500696754581341 0.0882156395203179 0.5796048010821531 0.37442052305302104 0.44339152063118603 0.3020436269475743 0.3277679938843307 0.5479147228047816 0.7285594623184335 0.5013902768733403 0.16829430623951058 0.4651455634909685 0.09271999112436147 0.6094267256168273 0.21441848810069875 0.4655547273783813 0.595903779430046 0.5932703365927683 0.3243788780655644 -0.30809521310131055 -0.26985862832662333 0.06615758487787697 0.04743089283193901 0.4818717703336328 0.7772948947782448 0.840606400183411 0.5896835745175818 -1.2669052182813108 -0.24904221727800668 -0.21573014027299117 0.3531977311007698 0.4052290153793146 0.128167118858353 0.3071626868936002 0.18456022160188656 -1.6126885584722042 -0.8401558209818513 -0.3671060347003997 -0.3905721202640011 0.006108111832317905 0.6364278200517347 -0.0912671727648385 0.07068146149448852 -0.8025693661183736 -1.19194220683678 -0.20422867897352315 -0.06956133355879278 -0.15384766082346815 -0.23558912571061524 0.4451020998285201 0.38044712437910394 0.12434436116661435 -0.11722446480774938 -0.04516327411200687 -0.4968613253755704 -0.43192468982572707 -0.4598674216865394 0.10950983185584212 -0.0355436801586984 0.0326643568825401 -0.2516485022361302 -0.17769875709869176 -0.2357416777119791 -0.03091363332572024 -0.1404288929569208 -0.27331158809546013 -0.012599178384132608 0.19989790957090506 0.06218809054439583 -0.3938174338543824 -0.1521450660232503 -0.3238822028048104 -0.3825650940258136 -0.07740725517092674 -0.1281644408006546 0.08363656539267927 -0.13126392235084852 0.1040389017429386 -0.1793863524216071 -0.19267263162041823 -0.12537406841713747 -0.20079098898122047 -0.3023255805435218 0.13103525908297323 0.010409916710469168 -0.2679729029215435 0.09462847028003109 0.002194322531875213 -0.40648313192637286 -0.24348536843406648 -0.41735157667188166 0.17476735420236658 0.0664501993575301 0.46799706030569593 0.1593742282682535 0.13579239166942123 -0.1949919096833787 0.06000119403135507 -0.05892124523553691
-0.06554197676145922 0.1373157425667945 -0.1260868587446916 -0.11625348546506559 -0.10203701626284847 -0.6064231887878824 -1.026924270223312 -0.5168363384746133 0.5434179944868043 0.18260095360028014 0.1141092753118677 -0.23811381785598873 -0.08714830195193989 0.23056984627841734 -0.09846726602821972 -0.45400283298508576 -0.1790348715178826 0.19895741009207052 0.16523736614942763 0.12663568695659108 0.24656531162533962 0.11474963999878503 0.07173804838245432 -0.3570787197003797 0.1948028568372209 0.21225809239040527 0.05032060430653853 -0.06679724028855284 0.14362054205639543 -0.09259692097098773 -0.017940125640396293 -0.19691565031035288 0.22766117056244 0.3195749844440831 0.3023994030046751 0.23962728646895037 0.09821173439764415 0.059760722852322805 0.08271457480905313 -0.08494154256213894 0.0541398194305471 0.06004251749515417 -0.1294426024224742 0.17178786993713446 0.01868193615712881 0.2685506521395119 0.19265132658263287 -0.06989835439945977 -0.32037000437621044 -0.16505463821755817 -0.28901650233672754 0.3639033705469792 0.5751057804534269 0.7052191443971146 0.1638866142842056 0.05697015457270241 -0.4215132543524027 -0.16671108189142872 0.1591877219575234 0.2302674179162655 0.28572599562331186 0.47558507223672086 0.08239536140704586 -0.18725451186559583 -0.6053992080507639 -0.12133687654477109 0.38614533392577693 0.18895138677812723 0.04470028887954199 0.051298331662113464 -0.04352061292680873 -0.4513480946243201 -0.7867296808684068 -0.1296452243624756 0.06368948745983267 -0.0464618242549116 0.14324499816698202 -0.10054846023815461 0.014539506580282932 0.14018894372189353 -0.2959069487799407 0.3937064125429636 0.08474681827275739 0.4375097438276536 -0.03565172987396785 0.011786546881071407 -0.035735430614662306 0.2568280688166824 -0.33271929952012785 0.053388634409987805 0.25032488360560334 0.11070970922606467 0.10060670967727171 -0.34242099414188504 0.29213191616745104 0.20469959807370722 0.18832205330314503 -0.10493805839901227 -0.16044474678797233 -0.0220565275994227 -0.035290803867979254 0.30069879393476834 0.23611540942535378 0.4561520879165371 -0.12285405535361085 -0.0920694899986435 0.08717768991039787 0.0025636891012607342 0.07345256620075963 0.24443979039537486 0.2883318881741613 -0.060416330787085 0.17674474379901883 0.023677035862598998 0.022758393744193573 -0.267913718454063 -0.34098377350552983 -0.13771440418245393 -0.4131705103693554 0.11740958249039742 -0.09599520681611104 -0.06750475830760146 -0.17020172095440655 0.07606412827896386 0.17720901870562375 -0.2675596442318485 -0.4803673388694383 0.45490821996088904
-0.3771532012039811 -0.46400126403429803 0.3671058279131027 0.2962040344682817 0.38148724903945097 -0.2528994783266825 0.1311957973880455 -0.2414318789809198 -0.2599856799935182 0.36803564796366406 0.34884088260863155 0.21670619198389834 0.1964996298390727 0.17755395605137358 0.3472058439328108 0.08243271198813278 -0.43913115294190597 -0.015914627126297688 -0.0705553044652666 0.2089330287133105 0.18473993877808856 0.1413731822585382 -0.07673063194629913 0.23623370496017296 -0.32567823134387064 0.0064525391661995925 0.16432373098689346 0.272120283090774 0.3273591762744011 0.23938693351593437 0.127253635649665 -0.12269050724604537 -0.5936064750102619 0.28539319056881685 0.10756943180844324 0.23312422268827113 0.381329480613944 -0.031363497166763454 0.11369347312212609 0.026834736365446824 -0.5083511815411941 0.2127481732843475 0.30335662658276996 0.16141115511904283 0.1384464111638515 0.10636435362967629 0.036121567577201696 -0.02950791115907318 -0.29951331126520736 -0.18089806147881046 0.22870640402569323 0.1749224431702467 0.04073856502318465 0.07068591464012723 0.2038096354593208 0.09379801386068796 0.3707685323064307 -0.2995889887940813 -0.04196072228579204 -0.05478719833773828 0.2118067648004466 0.4692047886225419 0.4693063231453814 0.27435466688582205 0.8164674874254456 -0.1997164405137863 -0.2026509898848274 0.40553430173708693 0.5556409953112647 0.5621705710624609 0.7780376203126984 -0.028379496997543278 0.7982083728461106 0.0693347141124467 0.05925509308143078 -0.014064444448690617 0.4223223254851795 0.7011549777907434 0.4839497313920696 0.38404990276903056 0.2634685040526812 0.13590137540505834 -0.16390872715732302 -0.2521134301607184 0.22176995729870116 0.21611872339097168 0.30170182393573913 0.7916493099260481 0.08598250923100105 -0.027066254926243552 -0.1954608494238261 -0.30995471917873413 -0.012283194752547499 -0.08452909806511436 0.14377502429464356 0.6762829045914465 -0.037587511030503035 -0.24556314416534844 -0.09218291371436592 -0.4988469725991666 -0.11805854394143189 -0.3184622062525208 0.26638834725657384 0.5843005492207936 0.4671582558618713 -0.12403257454803154 0.07325037339570287 -0.5546715486143753 -0.2650632629184156 -0.47374264141705696 0.1494604117752745 0.47145012908907424 0.2270296493061999 -0.33092930188408276 -0.01260680600016523 -0.28007924929952066 -0.7922771852454755 -0.13669655225387758 -0.6683432847399616 -0.03917421932851762 -0.22642069162388131 0.20815194650515426 -0.39051323851227865 -0.6243626010238426 -0.7178848601899662 -0.48727399742688443 0.005078352275059553 0.320547291189283
1.4031069354289365 -0.841569316175953 -0.6057919141727729 -1.804081320909694 -0.5424900793718331 -0.660092101850303 -0.7588176370403855 1.2853746569287055 -0.2048188357581262 -0.8203532430306683 2.6798019015070436 -0.664653681599855 -1.2950465456392173 0.37438865560425344 -0.6312149843812289 -0.328564680168484 1.3803248515758484 -0.5233065616502227 -0.8237167230932142 0.6029664254562175 -0.3986771368061641 -0.4989288316680867 -0.19271930218656297 -0.44768205303761927 -0.47620822691558284 -1.601950993820858
-0.6225107078161908 1.8752730247028406 -0.7230749331744398 0.24632721120861156 -0.45968190199463616 -0.5583878385432988 2.0875173310688835 1.424994873815868 -0.1320075020796206 1.9652255700531767 2.2790793980884287 -0.8361877360248916 -1.5524513729161293 1.491172030551171 -0.5836795872605155 -0.3763474319789801 -0.8983653148691471 -0.522471731544753 2.9975026368133904 -1.3710690997361907 -0.46251039476198974 -0.3481798681341541 -0.3717240625493056 -0.4706298252618698 -0.3725428224058028 1.4749878072385543
-0.7494023793259035 -0.7811064749437774 1.5021309319838725 -0.39968313747739476 -0.581142412919828 1.1713257698956718 -0.5970276942123309 1.7269191408672473 -0.19000953264439194 -0.9187421524885909 -0.8588443037148327 -0.6874323231367699 -1.4964326821012535 0.6071094082832682 -0.9473687322377827 -0.5589895160223741 -1.215268418368452 -0.6423005665075038 -0.6712067379088428 0.04571514525800653 -0.6551497227011107 -0.4054142608616498 -0.27906702769737735 -0.7972788351356503 -0.4729496387138782 -1.701062815565622
-1.5348678244324052 1.3677562783286714 1.9456739183567864 -1.4686254695458454 -1.272286065012597 -1.501748443138754 -1.4279373999720866 -1.561083934527479 1.8698589459836252 0.4922777435879741 0.26233099416802425 0.4227652490657235 0.551482686109725 -0.8842412343620126 -1.6832597115958297 0.8300870377366967 1.529095653889488 2.0601498547255512 1.6335391778169 -2.4513873099562953 1.0974564042600494 -1.1847607725285447 2.419660367353099 -1.3201305472369713 -0.9841589834579921 -1.3386093920946531
-0.46076610174744786 -0.672072156220711 -0.6373719483256584 0.6893613622268411 2.429280383617185 -0.5402126420424286 -0.6109514019698258 2.808603539913008 -0.1425931448512537 -0.47423193618168535 -0.6584728537673881 -0.5347290295193993 -1.1010316465612373 1.3849657121407544 -0.7934403790923646 -0.41582733193041743 -0.8210678170766605 -0.3398091565037504 -0.42662900488957056 1.31116990308103 -0.24270464794138943 -0.27624754523069545 -0.14390711505309148 -0.3930031643214286 -0.22835333556735904 -1.4418386497250717
-0.9250765091311552 -1.2215596520815242 -0.9481177022429383 -1.0087126483641935 -1.1574699451760335 0.9839016690912611 1.1035589052866763 0.5979628299831832 -0.26431570446348807 -1.2367509819842655 0.6335428869936981 -1.4924386628881892 -1.9803137735428158 -0.35591145810916763 -1.1925306918589966 -0.7808929971732049 0.523353848241521 -0.8114831876924692 -1.122177049747273 -2.4404911470370756 -0.9070967801014704 -0.9920758136593836 -0.5225086181547143 -1.0525786105823263 -0.8241307511653221 -2.145119894870454
-0.6132860173895739 -0.6220391337180763 -0.48404549945642894 0.14941273387670434 -0.48976671955164297 -0.7519952121428333 -0.3422660755164912 1.7335103030791896 -0.06340901153762007 -0.5065557401830831 -0.543621298562727 -0.7955888740164072 -1.2728525928540166 0.46007854546215904 -0.5964800318172705 -0.25395822161219195 -0.6393727515750184 -0.4770586378202989 2.415441436161847 -0.9434959307525784 -0.2528996862636898 -0.2153206038720912 -0.14738267283950468 2.506817134568428 -0.34309042382992033 0.9243859344683228
-0.23129276511400004 3.9418377122337382 2.930039616400277 0.8623954203620714 3.731045026277852 2.155876234953636 -0.2767064103623909 2.6209466132673223 -0.053403813708849016 -0.38454303717804994 3.83717800071938 -0.3603523940614998 4.081798048161558 2.312644506184471 -0.5085588975141101 -0.1628275348139975 -0.6032673154091643 4.235677587966181 3.3808416126138705 -0.8307846544650671 3.0143083718434194 -0.20794745804439244 -0.11953832512552352 -0.3564206982501725 5.143283468646625 2.2480568002511423
-0.06883581625024456 -0.17439605623695958 -0.10008372666217666 1.678935221403679 -0.03774880107992005 -0.12418084214202772 -0.0540824572615192 -0.09647701317411515 -0.010529883735265222 -0.07720127863571422 -0.15747281046182443 -0.06046416808030642 -0.35630553036759655 -0.21879756903343575 -0.07577607539963734 -0.021417366491459033 -0.16301026430651644 -0.07676889880642476 -0.06520116166717586 2.6014895893544168 -0.15488629641001028 -0.03041475161826409 -0.008444867354375132 -0.037659499404691175 -0.030215662986428072 -0.33366175528402026
-0.6255815827309748 -0.6916866020571223 -0.48034961624558 0.9783583783676664 -0.44061815674644345 -0.46431689120287634 -0.5401931719566345 2.7110561287237855 -0.06459924426695773 -0.781038739393184 -0.8158350756984605 -0.726690698488494 0.5763552704536585 -1.1777374702960772 -0.5818485234001617 -0.22307212649464264 -0.8078888845751512 -0.42900750586946035 -0.47671918872869584 -0.842326132658551 -0.31530975295292174 -0.3019708336113798 -0.23349595503496653 -0.35054661959891353 -0.33582744686557126 0.5527300638482655
-0.3511875418093477 2.6363981843863877 -0.5758588536874303 2.3708203451302117 -0.34117474187169855 -0.6073380010562103 -0.3636184070753196 4.323108748880681 -0.04779534215155656 -0.4202587792222618 3.201762413300297 -0.5021164017825316 1.210028418832418 1.8704395659122937 -0.45489119501252423 -0.2592572406394598 -0.5619591269485941 -0.4516725863677379 -0.3656860027764124 -0.8394611468403739 -0.21784795767166543 -0.2558246173390147 -0.1315003141732098 5.111246700842717 -0.3202495611181233 1.4863696677231093
1.5225626378752597 -0.8349844422336172 -0.7946025613375133 0.04019218612385678 1.4040881689136366 -0.7017405937542601 -0.6826772371568628 0.7549975631002471 -0.17149358947669613 -0.8540013401037964 -0.7166722575094777 0.6794603464774087 -1.6259615873456361 -1.646270605549821 2.4095215812767807 -0.35705264905735096 -1.2603163059172753 -0.5513215627418792 -0.5732726928824046 -1.3344623580021406 -0.42993308962510657 -0.5742848551843787 -0.22487776310670474 -0.5861557420836274 -0.5965485031654258 0.503672509913054
-1.1265311070303174 1.9783213891976434 2.0971086670521455 0.14194278195863036 -0.828295563369573 3.3493487238366813 -1.0607122418543498 2.3550329485918726 -0.3772151650386366 -1.2197097314956544 -0.9901219835771816 -1.3703911809471758 0.15586068203691025 0.39382153348132776 -1.5133967353378899 1.8357429697417909 -1.3547178418260186 2.795304392935675 3.251754251408867 0.44909304915034215 1.650607641430092 1.4609187518378108 -0.39912764579066473 -1.4610495184271048 -0.7315646456103979 -0.6464559830023768
0.9975927027852891 -1.2485200706862452 -1.130739137719729 -2.512027560675957 -0.8885633086846134 1.2289461934578 -1.1592101060293465 0.7988816095191417 2.2529287039302903 0.9658455789772069 1.355975839930631 1.302711523310776 1.390770603998418 -0.5741266206051451 0.580469024403913 -0.5153148014674116 2.013203970184342 -0.8653668116650668 -0.8624947189834521 0.8014360810534067 1.6675118613257527 2.004582302867532 -0.33720944393554947 -0.8739716049251286 -0.7340025963422052 -0.6475523717462481
-0.6230729233339957 -1.0381036482503347 -0.5849958089758261 -0.1997762827187169 -0.6829377259545351 -0.7642090410480155 2.75018585595256 -0.869253579477651 -0.16991739973993367 -0.7272284581252554 1.5564396859036005 -0.9437063083820686 -1.7893161067486862 0.38746139917729616 0.9874822650440412 -0.33799557705825806 2.1953784073103177 -0.40339098754884545 -0.7353652873257774 -1.2024279151832982 -0.38384420730048985 -0.2809125929231573 -0.25528976303805223 -0.3778725250235197 -0.4005653302159824 0.32848003665786135
-0.09520649792635953 -0.1685693897493359 -0.2071271529998721 -0.7266108581725336 -0.149590587463893 -0.19912401111478342 -0.12941158296074215 -0.2715277333458099 -0.018406515964556516 -0.1779227573020245 -0.19417844518150124 -0.24897364905526329 -0.4690039399750631 -0.6306768818346794 -0.30660374861250134 -0.1269613741714873 -0.3459054911784694 -0.1347697788082116 -0.10619278548955458 3.886512800156349 -0.14510658437763063 -0.08397371534940577 -0.046213842076774106 -0.11865942266967452 -0.08897285912236991 -0.6300146658430288
2.1602171699214505 -0.9374884601425179 -0.5681766502766186 -0.16867509564850483 -0.5659881558588523 -0.48804124815503147 -0.9721473867270735 3.4521471947797533 -0.10145852781408828 1.845141711636931 -0.6889032077704123 1.748326508058962 0.5537718246420894 1.8472563925692564 -0.9153598793318054 -0.36067656067096676 1.4003994026363251 -0.45896481874393236 2.2846586760633762 -1.0764795919505163 -0.32617314705835504 -0.4530581342743792 -0.18901413838484263 -0.31610610814728934 -0.39123032771679794 1.9155502481236102
-0.636224082566612 -0.5964150583953708 -0.5832165921287623 -0.28108089397994335 1.6816533607431692 -1.0899466761237802 1.9641335291828863 -0.870638184418143 -0.12495248249509557 -0.7851654888275109 1.7401716408669368 -0.7745973447792127 -1.402235319373063 -1.4196858502407002 -1.2188155736143564 2.297858222106395 -1.2262931510055939 1.9268290808392554 2.620751814677025 -1.6171600482361457 -0.5456480611442661 -0.37377400569972336 -0.26308912000653945 -0.727206801594486 -0.46351319154418 -1.5590857217954581
-0.46010692737902203 -0.649827707445134 -0.6880883816018508 1.6765906929427383 2.1725551713852567 -0.7157659048201006 2.0252291552946833 3.8725467613689855 -0.11127035035370073 -0.6740293736462668 -0.6906524497385768 -0.7605282988409866 -1.2592627713440938 -1.1842101188294376 -0.6452342473093998 -0.5100326444435647 1.583161108910831 -0.4026488473063496 1.9815994823040513 -1.1707145527848084 -0.3923425739875035 -0.34428544700444663 -0.22879583012281673 2.6784126247662003 -0.32883842276215486 0.8522855403949855
-1.1513975688142997 -1.267271228428714 -0.8360256120843393 -0.919783036933151 1.7774066259186556 1.5543234773600805 -0.895295038157197 1.3539577246961254 -0.2125143550618311 -0.9947967454021868 2.773454991036293 0.7260278391919788 1.2118233047959461 -1.84527331554844 -1.025581488450846 -0.4717418157651581 1.6048747777215011 2.675677342596229 -0.760468031563198 -1.8084526081864816 1.2581901888200915 -0.8219320930547687 -0.2776531697658697 -0.7424582019871001 2.657754500716866 -0.5477901358674224
-0.1979368625652945 -0.2665338196243429 -0.19324414688311795 2.509345322262367 -0.23124515335598278 -0.26070973257489155 -0.23704215034152995 2.63428958105206 -0.022830755935988274 -0.4144050393886694 -0.24760465734645679 -0.43993306147002026 -0.7207585387134096 -0.8240715184633265 -0.32221653178469617 -0.14304369261476713 -0.3178898729899976 -0.16277144556189838 -0.16649386829398943 1.7923935370997581 3.929041703905851 -0.12415886682950503 -0.07499201909269505 -0.23062991772403246 -0.13954977277698158 -0.9260831777382202
-0.34341156204537115 -0.36409149957035997 -0.24748730859859147 -1.18844336268422 -0.2808551454440758 -0.36956005420615873 -0.21095168944810813 -0.43520852529348825 -0.04700362620979237 -0.31438718065562776 2.4770971565088864 -0.8529512695281727 -1.1032669644236008 1.3322368761274836 -0.4321706524702395 -0.13130201472486416 -0.4072170264796225 -0.3225080297606573 -0.2775314304064206 -0.8417560301922319 -0.18038675084608166 -0.25051581916988486 -0.061911074855085055 -0.19795659905845447 -0.2947669699374079 0.9033842452288419
-0.27299004788463826 -0.2625300388618949 -0.33987209809961155 -1.0915809494802835 -0.30304206592919286 -0.2997827089203911 -0.3145432436208851 2.8815792637681303 -0.09206630595582031 -0.353966380491849 -0.43760299355857574 -0.5226204652569026 -0.916689620732225 -0.7010512316727306 2.4133669361389347 -0.1841268905502266 -0.43508704600301246 -0.21439083357485633 -0.32189922934652654 -0.6106753573477948 -0.26524045571599 -0.15176467727168746 -0.13355827310288165 -0.28101185533777717 -0.21556012325888574 -0.927772322274513
-0.5962948631833372 -0.5110361217843234 -0.7751118505096581 -1.9550009171238323 -0.9016914000582038 -0.9146357637838687 -1.0065979393803248 -1.0512222045464823 -0.11261170948237073 -0.783992801342704 1.9351547796197548 0.9712994416213175 -1.4587587891810894 -1.7866574536341213 -1.292228824402036 -0.5648672810342806 -0.9794479503988515 -0.49461339264644594 -0.6478976894308226 -1.283391998458894 -0.38525815680418196 -0.4177032239362042 -0.34193692368590545 -0.9458297879330482 -0.5213643950200292 -1.6897380556699273
-0.4180859022976006 -0.5878845855184678 -0.7185289882395387 0.16679874620659962 -0.4234312687512752 -0.7846136441155148 -0.5500094412235706 2.632555140830147 -0.11060679978163225 -0.639249268175354 2.156123773401048 -0.6655091832966811 -1.2093438446124454 -0.9083076368230605 -0.6799595382711832 -0.38157430982780094 -0.688882415830819 -0.3567206590785214 -0.5879120760552758 -0.892994686837746 -0.25867061690272686 -0.2805833884272932 -0.27995958433354035 -0.7640386620999975 4.095057136336956 0.6038787313125755
2.473015753643113 2.0933589291572083 1.2351887561659816 -2.4980053185983664 1.5447379275482518 -1.20140952672869 -1.3256126858560313 -1.2649313103355648 -0.28571864374683975 1.0486148140153781 3.1604600895657504 -1.5256181005685419 1.0633903838768088 -1.99350919665795 0.5607844646998198 -0.6682610237529674 1.8040214863082331 -0.8939645961529039 3.2056936606645174 -1.8956198691293653 -0.8466452428380096 -0.9707665245497286 2.5697766315672683 -1.0716374750116735 -0.8652615115272831 -2.568697613790704
