-0.013050939007171162
-0.027315698652916914
-0.05297393427105183
-0.05150064836009843
-0.04121401948679834
-0.02412169662469503
-0.016112643344760508
-0.0063708739524279525
-0.010563440060641374
-0.013403622719148633
-0.024249455284972153
-0.01671775087076778
0.0008720014744018217
0.014950212558792758
0.0024775035293483245
-0.0019050963864176238
-0.011523667970296168
0.0009126661630196859
0.012177218207777937
0.019819386180674695
0.04383122036538438
0.05186591181556108
0.03139995000449537
0.021027000060062227
-0.003122351362245957
0.028001798279772873
0.06600323668035962
0.08487335612982054
0.10358374006257474
0.09020972384231284
0.06901278196365568
0.03979511853773758
0.024373441781392044
0.12040124667922822
0.1854849195214979
0.20666306997201883
0.20682432624191352
0.1491259150140852
0.1150139354316022
0.07624515093808518
0.11854552664268878
0.23979590318203142
0.2496135984037878
0.2022691872641275
0.2084154611940642
0.1837688474470408
0.14583728661339532
0.08627462957381464
0.2712141100891815
0.25815832545453676
0.14708515519196444
0.11491104821891888
0.17923633259518637
0.21274552767974875
0.16186182509508124
0.08322294770479888
0.38185328983130695
0.13572059189725466
0.06338982349197052
0.08605796963663695
0.19171732277011158
0.24991765128597962
0.1914027943520848
0.0823639742428752
0.4450574598179062
0.08690844785353995
0.09419375403110981
0.1717915829918495
0.24623995251806086
0.30496560047997573
0.22763014327794087
0.09352930838021932
0.45831153271071495
0.13293567193744585
0.17164231580822906
0.21429279969900994
0.21601792899745584
0.2781641190910587
0.26413802155168126
0.1562120715318421
0.3840644683407905
0.17640387499184876
0.18946196770977858
0.1862381904953688
0.13296636427353636
0.19274743520235768
0.26038286506367536
0.24364351917772153
0.26064502542378615
0.1573261760671001
0.14260016370762782
0.10864617688403456
0.04184096741592915
0.08610137679877715
0.15536544877955336
0.21181056101814866
0.12349943766716158
0.062042977320486345
0.0708109326717997
0.039787781460504316
-0.020339075243347292
0.014027422374891081
0.06558180680616991
0.11844438925135713
0.06597472431451791
0.03292790201893914
0.021954555720901468
0.0014961977195417251
-0.0360391358516672
-0.028223904410189793
0.012374538488667722
0.05224094085873544
0.01893568507291365
0.003942834645717651
-0.00973324162367089
-0.012520370435638828
-0.03741707887041585
-0.04517650616853592
-0.023072322139782837
0.00919976992813236
-0.0022359092382099686
-0.014655411715893248
-0.030601986004816038
-0.04034965990671093
-0.058458021684399904
-0.0627998205255937
-0.03677578818300178
-0.007891697820041128
0.04559097656177127
0.035028084525681874
0.016100528136632004
-0.003809760450175514
-0.014118769283293874
-0.017218501290423495
-0.01543290356213932
-0.007260466140398665
0.053679435598750956
0.033416462415029935
0.010470927966247264
-0.006050207528276029
-0.023605274938832237
-0.020753576416348295
-0.02450876073815598
-0.01676600297224424
0.05809982401581596
0.028034039245074947
0.010694579530776774
-0.008041368447234427
-0.01813016244106641
-0.015127917751155018
-0.023884135272851804
-0.025802573121703573
0.05659529410027599
0.0252052693347841
0.014201815068851351
-0.0028108080010722193
-0.01942492152005603
-0.013775666861844822
-0.024753669170208416
-0.031707680368996655
0.04632930893145736
0.02746021995838898
0.020901640464550876
0.005270152438524278
-0.01333880444528878
-0.009142750651242605
-0.027289397836600053
-0.03187725908274389
0.04118637045822876
0.026701735401669067
0.020910333676589
0.006826436408046598
-0.01588599135630269
-0.0056498173297713965
-0.02052005032088358
-0.02319671941982631
0.031246348591553577
0.025809529346239316
0.030866788378667808
0.016823552559919214
-0.009081934394197628
0.008279581921437157
-0.011976103832034242
-0.01594332874672918
0.021209177074655982
0.037839508850959595
0.04141069313448785
0.023929339027630767
-0.007171699623744967
0.024173214933160363
0.008276380324935847
-0.0015669622261510264
0.00662618020668858
0.053702234141036975
0.05869190848427487
0.032805678995725604
0.012872448322199992
0.04301330381662269
0.03956734096415805
0.028381862193543994
-0.0009730650081183571
0.059323676619779976
0.0786213252631282
0.05964712015471856
0.022223384707429274
0.04452936588401904
0.0527045448043744
0.05979064145537227
-0.005799301609110102
0.0711013820936991
0.10054765117334744
0.05364052871159611
-0.0016745651547722556
0.02414332391173336
0.05172292078432715
0.08822292042837657
-0.010040922408349178
0.07263128897088333
0.09667473684940206
0.0442193890067995
-0.007478889395542475
0.0037496173772978486
0.06129030456772679
0.10483879296099842
-0.008314315543136061
0.0610454740553034
0.07286143179581636
0.026221024510151496
-0.013142313623805248
0.007926336463096942
0.07154969137245455
0.09081613791251443
0.005797614935476537
0.047383665517372664
0.055088707577063266
0.011265327073946762
-0.002119021773783382
0.022189067699037487
0.07485515394264887
0.06271872342838336
0.02593858838464562
0.0506291267465726
0.05066817984790972
0.02497077713375429
0.035691603549286334
0.055367362840477025
0.07223760991784325
0.028651746937445193
0.030429572077957063
0.06573624917758446
0.07800358742812481
0.08438912441469457
0.07615805215814629
0.054494585350013586
0.031467462773878345
0.0023905772128467503
-0.003345404433185554
-0.013595159795884342
-0.009854925677770243
-0.01028554834736627
-0.014420306747801103
-0.013785803281546485
-0.01337699686983546
0.0010179460027270818
-0.003672426705338582
-0.009823133807822251
-0.006340095427246025
0.003999990091324124
0.01072554161887188
0.019052022563946724
0.0005159299573921058
0.010709138208313967
-0.0031956714751548458
0.002336617367665803
0.013683860525889014
0.032408743541796806
0.045294907162274745
0.039914782009207755
0.010387607698672042
0.020132801429453694
0.00954727457487534
0.028061525550293242
0.04481370085931117
0.054855180620202275
0.06099982626064211
0.034715198788153365
0.007829285413885712
0.02035494018581866
0.029467412419669933
0.07439729654186109
0.08684265618319179
0.07878748225261217
0.060197362865158234
0.018647076083342422
0.0002500922684687436
0.018810127325641263
0.09078263267550188
0.11736040099119381
0.06363931229211432
0.03245017008979715
0.01497018160760669
-0.019878330119270333
-0.02575088454749295
-0.006517314026004126
0.15515268200089247
0.0872383200143881
0.0009399459766617516
-0.008987522275586506
-0.024256941185806534
-0.03568683966188244
-0.02743175493804061
-0.022345280843044157
0.1983881479409803
0.026607693552354424
-0.03791939215635922
-0.032024424586089874
-0.040234054358096044
-0.02981787612544694
-0.02549290549925923
-0.023548076537844385
0.21708138475657987
-0.0241838389360803
-0.04073882043305952
-0.030826414204935714
-0.03228453472677264
-0.022394278934810916
-0.031595420475550515
-0.017026488240876398
0.22214828907450954
-0.01593562785927001
-0.01798077944354582
-0.021040297067375105
-0.016340307711762633
-0.008666524232687559
-0.013221216742123218
0.007490945545684198
0.19022822604842032
0.02671603426550617
0.013843476510468283
-0.0005848764662642043
0.011662155203520897
0.019685685058003322
0.016631510010893254
0.02872560707642237
0.14108576689484345
0.07114045526399142
0.05173648739127304
0.03924661438780286
0.052388796313222366
0.05054713564818825
0.03819162564240397
0.032006068172262654
0.07860699114150202
0.06804633431680239
0.06952070367183376
0.05388892849670493
0.05436803669040112
0.043227832666578384
0.030781280118561766
0.025742396763609357
0.030775069069312263
0.03490789092380454
0.054442522977844576
0.05222801883317857
0.03826860953010883
0.01970680706546386
0.011057995533153642
0.013945141747058845
0.0028393467751615695
0.001680603528173332
0.020818238736479894
0.02741553736812101
0.018129373763932758
0.00756780019786338
0.007957340439466233
0.006115832136782932
-0.007794708707607567
-0.021229096530363697
-0.010107389471978392
0.003473083562335587
0.00645680050601756
0.0026164548651358144
0.005812733343421386
0.006341126632845679
-0.011477254815420787
-0.027499693844514884
-0.0447941487134331
-0.0365080704505953
-0.004921543180665156
0.02439430372996274
0.020209523972757267
0.019281055347951277
-0.020796456223524162
-0.028545648819121413
-0.03611766494108837
-0.019947787215560966
-0.00037076110644341576
0.02377322124424264
0.023569235029583854
0.025064417920748292
-0.036308662759738305
-0.03608546504312925
-0.038130409897974595
-0.01134483897510793
0.000221120799494054
0.01594054879828101
0.028693201586303074
0.031879576526614106
-0.06904676171782917
-0.05002867380095536
-0.055882921824884135
-0.029358216526181802
-0.009721720508806457
0.01840135140233226
0.031238525262567995
0.027421017398595333
-0.14270081408791424
-0.12800874882172036
-0.1643398909485242
-0.16718454016384907
-0.1529962177877432
-0.12241671030339764
-0.058437714630184635
-0.02978078583529367
-0.23999587340227888
-0.20139889778208833
-0.19867093608134076
-0.19058469173792894
-0.1975789901011073
-0.15120487248612452
-0.06184386252608085
-0.040183219163772814
-0.3461812801885953
-0.22027900302600198
-0.1685311341561246
-0.1981274611992834
-0.24608022067008292
-0.14288664442841265
-0.08031627309926101
-0.07647296031013406
-0.37752613632786297
-0.19805289349250885
-0.15937477004867073
-0.18044416979445452
-0.21931136559416986
-0.0796852716028259
-0.05494459106049972
-0.11370260840932848
-0.33360615900009716
-0.10814281208754936
-0.08608531969268157
-0.1523881449518567
-0.1562985931209097
-0.05664536373082781
-0.014247706584823076
-0.13194645296265933
-0.2823342915697945
-0.12255009782445957
-0.13185456786912184
-0.1377860764994187
-0.11678494541115073
-0.07135530841455953
-0.034784408727506495
-0.15050544770701837
-0.15268669215560232
-0.10552078894707016
-0.13618073994335284
-0.08941880401724597
-0.05739985900936461
-0.04755521079115199
-0.07574128660463174
-0.1909234204093898
-0.03414886643835922
-0.08017575328454003
-0.12744832147243407
-0.1125609685140653
-0.09671360853430996
-0.05213990261386765
-0.07931271740100863
-0.1295235531361729
0.07216565128504977
0.01486422135985645
-0.01244129312115099
0.003579168150668455
-0.0013956907440901014
0.05133037886187499
0.033402672269793945
-0.007853099055009664
0.088576499340964
0.04121237857790291
0.006145946100166589
0.01977528290164077
0.019285298108763126
0.05130448056529377
0.046095122117297486
0.011923224080980633
0.06209840423486861
0.060932538822409225
0.017469236065266052
0.026436162178211813
0.01798313988852712
0.02657928203343178
0.04065115140532479
0.02330222925506873
0.030963611609532923
0.06725048763079426
0.06068763694783087
0.053847156659407945
0.020125652974779574
0.0069022716750214465
0.011284812974880203
0.017333464337120495
-0.001916831671055088
0.0036540385683627493
0.0017654244608418588
0.013012061149118808
0.024673291866349055
0.030056074270561044
0.01907322609143841
0.01199107746392776
0.001064456486477619
0.02090072422032029
0.036252211573611554
0.046306606682167926
0.05609744644395921
0.04998477507847424
0.02642595025232456
0.031583942611242526
0.014759552783178524
0.06436811031465656
0.09666620656825166
0.10987731913505457
0.12352996233850316
0.12325717465676339
0.08459759642438641
0.08425264369268032
0.04675984577386799
0.1355355200546542
0.18850598280411032
0.20667748749746254
0.21296142260033823
0.18918741724521515
0.14164630014927507
0.16249359599025673
0.12824183989816546
0.27408669434723004
0.31393310779543626
0.30580553776702135
0.2755262823619508
0.23289733654960681
0.18372567634469156
0.23045757891979693
0.2857134805535895
0.3635183534997444
0.299123165110593
0.22604874299702504
0.21423129365961185
0.21175713168245433
0.1949624207233815
0.21476870146766358
0.4264486725064646
0.3771430656557983
0.2716549385850926
0.2464822755653031
0.27178892406513416
0.2660742012621249
0.21758941136600937
0.14788094052597486
0.5289819323434637
0.3703074045516944
0.3255337067482973
0.3155987907838507
0.2899585848333184
0.20620002247309768
0.1104775758925147
0.04458189158920109
0.5619618807887898
0.3094697979125227
0.263197339800046
0.20357710082882274
0.1309820163150524
0.06150591926744752
0.005653467610348346
0.014481136147112607
0.5340332196439473
0.2417092608382171
0.14341102249367044
0.06563315722509683
0.021253261715510643
-0.0017200299677458805
0.0056303346948986125
0.05425823696745755
0.4610804348511226
0.3003928344377509
0.18402095341801325
0.1216812480792181
0.07991130461928543
0.07579226465385488
0.10242305338767532
0.14741416136711827
0.2994833473132938
0.2769921765523781
0.23417033392359524
0.22094394654969446
0.19035235360084296
0.17995083384510072
0.17520292598203888
0.17145080986972358
0.14852037928276474
0.198885622122723
0.19419676359149435
0.1924299549836751
0.16846578643329987
0.1558243268559074
0.14089109542572645
0.11855364457253317
0.04057147577831217
0.08744914059230124
0.10544291558098723
0.11625421064314294
0.11129773025429067
0.09447541724707488
0.08065527350162348
0.06292753068708813
0.0017384469889441681
0.019049629225463036
0.05035097061329681
0.05126331679519438
0.037237126950672
0.028067620124309772
0.0319748810022951
0.027885185008205426
-0.0038787329702422457
-0.009696008749658477
0.0027964863109090216
0.013343868695766212
0.014875139381697511
0.011849160988504888
0.02393486852492555
0.018671614467884505
-0.02486863539814198
-0.004171325823477235
0.00946624646619426
0.02409656368038536
0.039423609909686796
0.04517013192948197
0.041306218521048606
0.01743171129931754
-0.03719728383488661
-0.0016315869087732487
0.017867994150343448
0.026010992022861067
0.025813370817975065
0.02855909837200563
0.03966529370075243
0.034439564498837796
-0.054591671301168564
-0.005880886339830773
0.017940157045510694
0.026255982525601573
0.01293305572706913
0.0021307894118247255
0.018149414504079055
0.022856106168040805
-0.06471976717317672
-0.00118012472786908
0.018686508396184694
0.014140030001142695
-0.01774696720781611
-0.027307481201238694
-0.01807364842821761
-0.010000535441061064
-0.0868011354454928
-0.008165195595313493
0.004602746911991323
-0.01294104620291535
-0.02687604928649596
-0.021293764224964654
-0.02336566931137822
-0.030781042064517115
-0.0997485974528196
-0.02271475934308624
-0.032155401358258805
-0.034593701073128966
-0.0375273996302348
-0.03600481137813185
-0.034964433189967246
-0.045509924081317724
-0.12552966548330063
-0.06401982328665272
-0.04485770070790794
-0.01479569573101634
-0.02943626473986001
-0.0387467522331017
-0.03809800448824297
-0.05139298558764116
-0.11633306041060987
-0.05522871052847906
-0.028063831034172888
-0.00969954634664731
-0.021926372208990203
-0.0193913683668614
-0.03203428505086833
-0.05097409227407217
-0.09830553136296183
-0.06032150031456387
-0.020915631332658495
-0.011061853619033248
-0.028412940621890207
-0.03125578225492362
-0.04562729964346072
-0.05328746459320997
-0.08896617476972497
-0.07220768353233319
-0.007504027362392841
0.009386020662969053
-0.011823917180031632
-0.02495560201457999
-0.059190185799941966
-0.07304214970410634
-0.08331603080788318
-0.0888668476314381
-0.01765735135442971
0.0005903167150682605
-0.01924996677568122
-0.018218373347724172
-0.0433802375504436
-0.0794255931947656
-0.061628203642422386
-0.07167932510981144
-0.017688453048182725
0.013990657643249336
-0.010887724821849677
-0.012751975482182473
-0.02499094531677433
-0.0634105738321786
-0.04664487688799806
-0.04639926575918696
-0.022992405011166527
0.00552216350086545
-0.01900348083608036
-0.026078636871324407
-0.03899240650961859
-0.06523443367785883
-0.028460042259108538
-0.023079887306012143
-0.009967314983146722
0.020900457270307007
-0.0010909582615719875
-0.015369310327937378
-0.029266244187173347
-0.04979314624981905
-0.01661980552208992
-0.013297830970175934
-0.004842806665436348
0.017668448596016236
0.0024789605508886647
-0.004526291461966663
-0.019757243250727276
-0.032561362022761116
-0.010914581830621162
-0.008493672229116341
0.0005237204287473062
0.012616349978497513
0.008190697351347712
0.0006241480866708151
-0.005929860167136366
-0.018122453647278897
0.0074750632546685646
0.038429394663634986
0.09769762799965633
0.1437094768011797
0.1551236172207712
0.13291665968025118
0.09339107249609956
0.03332635680290815
0.03226994019649552
0.0811069368333131
0.12023950322080323
0.10582219355944024
0.10357555811568141
0.11329702231755294
0.10408971990637611
0.05256976324566294
0.05634824073884428
0.11020261695430136
0.12921377159233546
0.09987753008770965
0.11248919120135246
0.14113021797581107
0.1171503222439734
0.05961513777754318
0.07786297022589624
0.11040377846674806
0.11965076515106876
0.11040636386972494
0.12606324433823837
0.16126910146367499
0.12518309766033703
0.060946273869565554
0.07404728453046583
0.0861602692682287
0.09530943176116924
0.09087624341798071
0.11153799617197653
0.15780277725377967
0.1165132423837209
0.05456528511273494
0.03941975472751448
0.041509654164869805
0.06577564944960493
0.08306629795973115
0.09977888638244338
0.142243366720342
0.14509928592792234
0.059987337362079965
-0.004276797541062678
0.017218803087350586
0.05402307237948542
0.058957722167086654
0.0614273070345958
0.11114068189727465
0.14663625620393633
0.0747471897127021
-0.04425267449067514
-0.006806845308633187
0.019025666337367728
0.020537109584534547
0.03029328693836519
0.08380605937285332
0.14244317793618774
0.08618754188370513
-0.04910775846310938
-0.0009020564042064735
0.01422462524001965
0.008228543017300355
0.02505946121445107
0.07141337536256162
0.13145599243348344
0.1036448154840311
-0.040705492646217964
0.0013534389176265518
0.013648442387830572
0.010227519824405321
0.016470252061290068
0.05472933339131348
0.11273234793364004
0.11329815229233177
-0.018207116183810986
-0.008393761067540162
0.00846330144788649
0.0030093635796984096
0.01675363245047431
0.04721708656012715
0.09589138009626488
0.11299267027793833
0.02267891813784507
0.013464913897909327
-0.006832885045972247
-0.023148206964316548
-0.00029006182935048844
0.03054102956273245
0.08211787930272743
0.11770154639898696
0.05241919071938626
0.048829416303851444
0.031086343925072837
0.01265084094830455
0.03633854777704295
0.05529283918381213
0.10749536117221842
0.12943410604312414
0.06942515059661689
0.07519693198753934
0.04775992702047631
0.03565345356359535
0.06919290785584359
0.08295821991500649
0.12497652369375666
0.10561733253914946
0.05512260923583759
0.09609940425310823
0.08482769640345435
0.07010031457403046
0.08731638131458141
0.09463357177364821
0.10945588848398814
0.06505122979434083
0.04396975672722589
0.10861239279183564
0.15196213287491994
0.16322713612094514
0.15424545224365546
0.1225562208140778
0.08303538906358406
0.02886758499565037
0.024971379612289773
0.013749237538643514
-0.005209679843148785
-0.020711777792920025
-0.015857050820461665
-0.01610178007349884
-0.006661217534075053
-0.001351413942747336
0.036807903964661326
0.013948682443333069
-0.0007961006661805955
-0.01632952853421635
-0.012997098887346833
-0.016423513705781597
-0.008072248547277934
-0.005694889599261331
0.043412011845485
0.010808517518574
-0.00580288981898101
-0.018402170212484352
-0.02069751739432987
-0.024073291511925242
-0.011962691390719394
-0.010448610039291437
0.0445166116539152
0.011258139401771877
-0.0031820232983499003
-0.021651422822538787
-0.028332799672605997
-0.025802840460661405
-0.021629729137325502
-0.013668576137959318
0.041708557393732214
0.013949277377791818
-0.0055832385231976405
-0.03774658182244284
-0.052899344857132914
-0.04038048454894645
-0.036271747279475075
-0.021627445025099
0.02768416093950923
0.009030021287192063
-0.01696301605678665
-0.04146302068817758
-0.05231552545806249
-0.03893931157415383
-0.031784253156473284
-0.026862891099014272
0.01912311265658381
0.004361715367456302
-0.01986425406381217
-0.024633191813189015
-0.032200780913313916
-0.021061440049364326
-0.02298173259129024
-0.03223109876375808
0.004981474765480966
0.0063922934033577156
-0.002285277369720493
-0.0068333833273438865
-0.011980708081381936
0.0010863886905102566
-0.004041664719984857
-0.033375615174276944
0.00037861756658323756
0.020092635417313095
0.02401202112143657
0.015173876406210181
0.011552406070012079
0.012518624121152589
0.009572947018584238
-0.030996077699306845
-0.004064302748437117
0.02002403889207367
0.03628644564394916
0.017896920939681805
0.01683921689193534
0.016773981999560483
0.012670741432271933
-0.028045066575225805
-0.0010843820749608546
0.034847328277196936
0.046932950055188286
0.009976586569330566
0.010945716257704276
0.006190152169497519
0.02313855211447776
-0.01127635725021001
0.0010921714494085402
0.04214384502008507
0.03313593704551995
-0.007424395550122926
-0.0030056233961883415
-0.005747112127567325
0.03337960776238368
0.01246053661319119
0.010236215253200837
0.048069931786409885
0.03187407925158492
-0.0029962689202163817
-0.006993187151910706
-0.006275257311833796
0.03226378867531096
0.02947526408571029
0.014782390412657376
0.04232864570795375
0.02237151401739637
-0.0191109946650973
-0.02218585681762188
-0.006178759204875213
0.02535267625046667
0.03783934490725902
0.013128929450692328
0.033053719373373376
0.011975970884570556
-0.021329727660520232
-0.021734056423114604
-0.00013116570773566728
0.02229818621302507
0.03564018980071621
0.0068832477967327
0.013070560578526728
-0.007104056398526509
-0.02628403616881115
-0.0252496329437642
-0.002736684320865245
0.01932282495925914
0.029623669979018514
0.01756326462697053
0.07485424482850325
0.20462503906476345
0.2794988790038717
0.2639902038166437
0.13517243521901356
0.04249224918117843
0.007771108353600506
0.003604541494408543
0.016461047587430975
0.07657680028337507
0.11329049776525311
0.12913664492821492
0.055573416159636436
0.016789250996917447
-0.0012260965536959468
-0.013258520405258259
-0.011213460734457295
0.0185665852315547
0.04106109371048551
0.06526907090736643
0.01708800047968514
-0.003725906243278637
-0.010805412936783913
-0.03711037181603656
-0.039683920542467596
-0.019298567414326454
-0.009649288543396828
0.014198802121029032
-0.014913757389852313
-0.021093662919857478
-0.01891373935269791
-0.07015316183597954
-0.05514220225990591
-0.03209261563748641
-0.011258551269424556
0.0031026734293131872
-0.034139251452796976
-0.04121916885968269
-0.037678795495400395
-0.09907578396175847
-0.0635263420959365
-0.03177969159502383
0.024885031642261485
0.04965213214551602
-0.0096576608210982
-0.02619742552943425
-0.04420023064928377
-0.12548834177471319
-0.06898002925291301
-0.010696207905318491
0.07136325288978822
0.09182457181960135
0.0021590484201441905
-0.023746308862733004
-0.04819780521276255
-0.14546464876578802
-0.06008817665721847
-0.009386546497021133
0.0967635255890782
0.15060537174475733
0.02399774979025886
-0.02184387796663772
-0.04589299532449302
-0.1517187678082901
-0.06478312112165885
0.02312321840083116
0.1696723225549177
0.2078774963058573
0.029352353418278933
-0.021641090844755035
-0.048446949890221136
-0.14420746316613162
-0.04898598810227048
0.059695404427034984
0.2099362149155086
0.24561185428893967
0.046197110640198095
-0.025096339407164884
-0.0600511248227211
-0.12680056009596313
-0.03768517347387966
0.06041049272325212
0.22437971322638203
0.2548409822348739
0.060754209245768014
-0.030797667127919662
-0.07549066502409868
-0.09250119074230471
-0.018207326455031213
0.06536027135315163
0.21044007970169992
0.21856645985409304
0.03743451027962257
-0.05424978868960382
-0.07634637784160157
-0.0637424062930091
-0.02667311985713828
0.05630881253808644
0.180607768230404
0.20758609124521402
0.06452011937732982
-0.004049296981552837
-0.030061700098599996
-0.020950734500711943
0.013045632471982304
0.09256061099804057
0.18803666271498218
0.2321324419041722
0.11403499292072518
0.026064922872678663
-0.004111501084901569
-0.004486939339981776
0.027220373366185824
0.09894870647358912
0.17479351623179934
0.23388582936189664
0.14025128429351796
0.05068303104838536
0.005853964320424741
0.004769553136679836
0.03243583948451581
0.10221908589807642
0.1675086896143404
0.24957507887885455
0.1803145355272679
0.06872603775127946
0.017644862044057547
-0.00010890538141157291
-0.0005583842242580558
0.0015594271466532383
-0.002471623340799574
-0.00978299928883758
-0.004639835857703075
-0.004783777923863329
-0.004171091233375032
-0.0012613881773059473
-0.0035520741005776995
-0.0054924161123548485
-0.009714298504556393
-0.014554981949970248
-0.006247951505481696
-0.005413653687750549
-0.005339589860577814
-0.003640198243849162
-0.007190920567228053
-0.007879523821785136
-0.013733275924378016
-0.016959704429075177
-0.01166108066836758
-0.00983855855943379
-0.009918335243735006
-0.006859621230400263
-0.013431927605433257
-0.013683615369211961
-0.019872868437315196
-0.01997180567831751
-0.010768143672215204
-0.005701435093692159
-0.008678270606916793
-0.026103250168792082
-0.029133640284203503
-0.023671645270897677
-0.03027528323135773
-0.03323106740343818
-0.02223173385603012
-0.012727822017863523
-0.016082073175080296
-0.05052875394922549
-0.034101465431639055
-0.02825860716969914
-0.04376905249806103
-0.041052907882783665
-0.02525106683027715
-0.017686104322218066
-0.023987117018283148
-0.0650668782735607
-0.03748584715709942
-0.03406607907045811
-0.04543966122596797
-0.04063506615620125
-0.014536193060766978
-0.012909449985372995
-0.02959529989787886
-0.07735483086151475
-0.049540645404760546
-0.045253100529792194
-0.06467640291256081
-0.04485774957667224
-0.01423810476989904
-0.013874687824019924
-0.029665025874771336
-0.07778084720101931
-0.05904355394595977
-0.05500128862902495
-0.06049189663889854
-0.030369381483447314
-0.012560263767053576
-0.021522113458474997
-0.033186139050031135
-0.06704501307673817
-0.06525535751169886
-0.055629487069412335
-0.05148571796379988
-0.03749733331089534
-0.026191734973053077
-0.03449417741020415
-0.04212515959788796
-0.043607986352074496
-0.043237042432863866
-0.04407857988958728
-0.0500168662516488
-0.03640633524755131
-0.02389412457682977
-0.02644203470110183
-0.037085403552446175
-0.027829993364806956
-0.02617673177882722
-0.02629463212967652
-0.0367940046770809
-0.02630949075679817
-0.006906797405324835
-0.009182273148330434
-0.021879629105371657
-0.017140576809815674
-0.009185046333152808
-0.010997841140315079
-0.022566127331339086
-0.01929152032126783
0.0002338992505740676
-0.001176152616581536
-0.0041404665674032405
-0.012332417473736978
-0.005207551015875717
-0.007087172455060358
-0.015645664515846966
-0.0193338798467347
0.0018694633580729654
0.004694626240034091
0.0021529079970627088
-0.006840630947962295
7.052450022596493e-05
0.001472283841202655
-0.004125050003723152
-0.01063778858490253
0.007181677095381158
0.008843200985143618
0.002978201878272726
-0.004495473212844113
-0.001816509998208717
0.00340447105604906
0.0065784995982653555
0.00105116885324201
0.009450556186311031
0.005516574744816992
-0.00029018105232791737
0.02380931777780762
0.016011708039019606
-0.0016187455623117564
-0.018136767554362512
-0.016596182382944243
-0.00648109605337282
-0.0030575260070937567
-0.00303342687330708
0.032127011960390944
0.01772079023121876
5.6590985976753265e-05
-0.014926238160975889
-0.013310935759915514
-0.0043286520875608974
-0.0015719722532731505
-0.001868819306515066
0.04608452182037419
0.025463651617342136
0.004338481144318214
-0.01443391377949281
-0.013586181008331522
-0.0037725944437406295
-0.0023047521172384062
-0.002721875407173237
0.05347749582635087
0.026938747199553977
-0.002553082707596299
-0.020451251905670965
-0.007963674988731097
0.007024197541026419
-0.0017096761356520834
-0.0067149149654020844
0.05511203136720987
0.018641657515480397
-0.00787443843793291
-0.017483752277046516
0.0010076806395275513
0.007676226178322659
-0.0035158944879325068
-0.005453141066556909
0.04824182752164627
0.017369462617723732
0.005521771459047674
-0.0050839121787713245
0.01052616703035185
0.013536279524516782
0.005392989850994544
-0.002059105188253243
0.039438378938287444
0.02748877828916054
0.02349103826835451
0.012530351847283959
0.025792371814215825
0.027939995656822595
0.014021250655648496
-0.0006282846479930124
0.03326621529409766
0.04507048872399542
0.0432790816513392
0.018552966439448624
0.025115911209301588
0.023218447497790336
0.012674837165415377
-0.0023793845198747006
0.03362141557866732
0.06618561710162933
0.06055160911991417
0.02991122191765951
0.0266972706213919
0.021836330023180636
0.007815068273984115
-0.00786511766949386
0.036796070865996164
0.07107539905438881
0.06023571736683703
0.027441927246889864
0.021485042399454733
0.01802605791136793
0.005286394022917503
-0.010025293382744866
0.04168613719847551
0.06830806789322742
0.05961405784539915
0.027958988121734175
0.024539218338927166
0.022838618157284392
0.008491991562461174
-0.005655286862638428
0.04020441365244186
0.05928493586594403
0.052582049002037855
0.02660856561706566
0.026081258095708694
0.028316855821389143
0.017778301532125694
0.002782664176671417
0.0442004520329976
0.04815751455119677
0.03483690272816314
0.014974091324826896
0.021521424584113318
0.03371010718094121
0.03396839031069156
0.020387783301925453
0.03949906678140816
0.042374319924304474
0.022079048468477552
-0.0030282071217255513
0.005463864527526509
0.024180961482305644
0.032351269226891466
0.025545501877359638
0.03353289576387824
0.029534371357952473
0.011746814892939
-0.009093902457856575
-0.003370662841035651
0.01359094320113867
0.028420734387392187
0.025246310336560992
0.021360184226481085
0.023925154093127694
0.00672627036795118
-0.011505518313089562
-0.014214338901504286
-0.0023477275944351677
0.01574779705659693
0.021516261053349917
-0.0019453109160658094
0.00691053411180655
0.05570966773008732
0.1008968674810417
0.07346480105490538
0.02431238830429788
0.0025759347713535034
-0.009254079033142768
-0.011029692968029263
0.0006426104115913819
0.05449712528605766
0.11484322540548329
0.0919567404913756
0.014210548588550358
-0.0112423129806829
-0.022219452160224185
-0.034061447291699645
-0.016727507686092272
0.02583909157477028
0.09710749159034486
0.08592390206177686
-0.020872344010670483
-0.04679353637116695
-0.05521029504534169
-0.05577127435079023
-0.030709694269480392
-0.02379868123697337
0.0744413038124058
0.05061419018559429
-0.09038711798755648
-0.10558247512176497
-0.12360046090136469
-0.10143866866711287
-0.10089697925747616
-0.13817691043960817
-0.02241813962054368
-0.05416811596881485
-0.2008086174900965
-0.16847693866799385
-0.1986162529792748
-0.1871863420583574
-0.1877908527074425
-0.14264875237569155
0.025887712145803026
0.014258715453784848
-0.17471751221656068
-0.16694926187673603
-0.22322721016434655
-0.27611572946006674
-0.19188603840421078
-0.10452211765243086
0.04939598802618468
0.04869111797720007
-0.15618417362387804
-0.18781521520083058
-0.23950830744661802
-0.297195480204203
-0.15186976454652779
-0.1003723098954409
0.06984661304532011
0.06161476151446274
-0.12233187887527543
-0.17496502404500902
-0.21448440365897456
-0.3332327536681779
-0.1714327174199373
-0.11133458932672931
0.07825130822333899
0.06825542464940747
-0.10380223748358529
-0.18934625635319982
-0.2194556051287296
-0.3244628027270821
-0.10429570014800021
-0.04749697624688073
0.10633724066012243
0.09657818605940581
-0.08633739276758301
-0.22537691558555367
-0.20506641104651088
-0.3021086244082153
-0.10111649872820216
-0.0713866002210177
0.07510184894683936
0.05599696980398315
-0.12313781323535425
-0.24521537545001468
-0.16664499650560136
-0.25416232914408404
-0.14029981276360132
-0.09220964524292563
0.02208890972271401
-0.0018964170210305734
-0.13312736450654414
-0.19612719222160463
-0.12219941429968034
-0.13177910490383904
-0.07597136537225184
-0.033069594740682016
0.024932606823789113
0.025052477931108322
-0.07525581134402684
-0.11432729138021056
-0.07493275789926483
-0.05946047133912767
-0.05496235065199833
-0.0019295211129667028
0.06092421390422401
0.08297580109621855
-0.004838701732579951
-0.05129865795479306
-0.030082376431844027
-0.0067165328370385365
-0.004016204767016266
0.040548403478954706
0.09244121273050047
0.11644066026457414
0.016455323556595146
-0.021887351893335155
-0.012727714830896677
-0.002128192514611842
0.004290664744108303
0.03803218179203491
0.07713784647263924
0.13702560807617237
0.0663730403247611
0.017381141402867936
-0.0012684545632505025
-0.009654988377655138
-0.009547564251786815
-0.024114721559606058
-0.03413833921322752
-0.05480073053634544
-0.04676165299416721
-0.04617343088292979
-0.033933796868479846
-0.01605317234053287
-0.015734132592148606
-0.03416449705375014
-0.03298195756239257
-0.052550955778304084
-0.03901428787488088
-0.04093522429218095
-0.039032298402850274
-0.023143423308461128
-0.01971700043414284
-0.03641928748394274
-0.031841138121089095
-0.06470224123384079
-0.047267924440284735
-0.041460897498783414
-0.03839667255558366
-0.02665049666312493
-0.02154890475963691
-0.03804226775124319
-0.04802195534023826
-0.07215763288651954
-0.037582165943943265
-0.028980999888183732
-0.03239608660402684
-0.009988490703614784
-0.020892385680376963
-0.05585419487377257
-0.06931793508618135
-0.0566313593800611
-0.016610816637790127
-0.004702473877274803
-0.012245646299387498
0.03271891234720248
-0.012014223729042641
0.0011808720095119447
0.015507524713246542
0.0033084003544985876
0.035943097280706646
0.038420857284194886
0.020480234165312174
0.08500293368215071
0.035682719037715416
0.08442885404864109
0.0858724346471758
0.07131619916195539
0.10187883240759646
0.08299806802068647
0.07286996688471713
0.07404137868336656
0.06556240708195345
0.06212791406458029
0.09755956405205209
0.10425793315660559
0.06743375753385278
0.05594818099860445
0.11872131220323323
0.06880982386178924
0.07447396201259779
0.022649638978688796
0.08986462402759925
0.08341121481460444
0.013654840388976677
0.019237962130100192
0.14284198162840553
0.04677188400169107
0.03227089695877648
-0.018273225817812662
0.031234721402290097
0.026044488870292384
-0.03413077747252715
-0.029558681876582095
0.12670906846347538
-0.0030663997168953903
-0.03422359388095322
-0.049858948882678215
-0.027684251831413043
-0.042015847567653676
-0.06789117259339027
-0.04428550831708172
0.06528404706394152
-0.048263580168870494
-0.05357100327098863
-0.05932337348758941
-0.06688848188302078
-0.0685784149825433
-0.06985862506494805
-0.04091237733434993
0.005910698175064616
-0.06838784987867524
-0.048301444609089667
-0.03881463777629476
-0.04753997637573401
-0.05291146895123995
-0.0488185119086009
-0.032251927361144496
-0.01730473633253308
-0.06696639408965073
-0.05125599026090819
-0.030066429686232396
-0.03908356922016663
-0.04878357525618142
-0.030306272633715454
-0.020065949089738376
-0.016161364392103087
-0.04883336708127562
-0.04371136582040917
-0.030905003821212088
-0.04117476356890382
-0.041722869309306465
-0.020297856263841906
-0.014372773326679066
-0.011256513139979222
-0.027918164116168983
-0.04242029060374213
-0.041720852568032964
-0.04039205865010763
-0.038307019912792506
-0.023683859431753225
-0.01512050097796897
-0.009639713343706302
-0.04236361580734338
-0.08247283952478743
-0.14548180879205364
-0.16993819365613755
-0.18110148631094852
-0.17322285666969853
-0.09168126460388204
-0.04519988376526449
-0.07078555460448832
-0.1053329042869298
-0.15245691559419813
-0.1313952774075905
-0.14936638127354995
-0.1676358834606315
-0.0867608754143445
-0.06450368553159268
-0.09674578051266712
-0.16649461314208572
-0.167459459930776
-0.08829069676247162
-0.11111468763301485
-0.1294426749414981
-0.08299184244010234
-0.08243395760529883
-0.15007830185088178
-0.21437202460370294
-0.17441941399383018
-0.1163469876848004
-0.1526295898504675
-0.16982416869087555
-0.12032391392952099
-0.10416836620465363
-0.15812007598859673
-0.22012685939148524
-0.16249680906434008
-0.043628937435610485
-0.06437482781228647
-0.12704467612196
-0.12015764582505271
-0.13470200976809807
-0.15199993156200364
-0.24875432929140517
-0.15391195059565674
-0.06783186459091019
-0.07414497115841484
-0.10385224003654343
-0.17773538891172713
-0.15764900679389834
-0.1294284603120618
-0.20415328310421213
-0.03546320815074378
-0.05407766264380686
-0.10008863989932894
-0.2140566330905947
-0.15339942665280146
-0.10937767447770295
-0.10196944935256898
-0.05186079507882117
0.04002600857981199
-0.16650018123572846
-0.2628156251084714
-0.2953296455206505
-0.08181002411347146
-0.04964544919329739
-0.09455373771269973
0.0060467188999948265
-0.06384756170634787
-0.31690887650922916
-0.38888946238190025
-0.278350264504007
-0.11024820037437849
-0.03962324887752604
-0.08909894828711287
-0.07226545010620604
-0.20333385272380927
-0.3473026383646203
-0.32187600697622315
-0.16457333750084926
-0.1571934873672437
-0.06017938328968656
-0.09700064491023422
-0.21989822626741032
-0.3243020147566905
-0.31216305142746475
-0.25928697025898934
-0.20680183978929242
-0.23523529118017084
-0.09298643515977101
0.0036505892958520565
-0.19940284345599135
-0.32832679254661823
-0.23923515735680284
-0.18217285954760043
-0.13369435168779906
-0.1596093296339605
-0.0424944266079961
-0.008552966582054424
-0.1732739268846732
-0.27677623177562666
-0.18879351496618677
-0.15495596556977814
-0.1532459571670247
-0.19300058449264457
-0.11500834298611538
-0.036696460096705096
-0.15811850358096524
-0.2178353419784108
-0.15082734356576086
-0.1319465811740803
-0.13882849518191448
-0.14481972987864325
-0.09364724780087966
-0.04640496188554469
-0.14808864416171508
-0.1820780825471897
-0.1313262708326246
-0.1523721206003092
-0.17367654962704
-0.1412782250958295
-0.07643122269276821
-0.04080770858088892
-0.12458003634014855
-0.20665121061643818
-0.2071910417674022
-0.22035133969524875
-0.19119142521287538
-0.11378147816642434
-0.04000044836792068
0.0027359278033671757
0.005057834879085912
0.00490089430704641
0.008403137669778281
0.0015235368244329224
-0.01307021790618571
-0.002741282904281179
-0.0008101547000981263
0.004793566060774152
0.015515828089285583
0.039795445306306756
0.05099934145183392
0.04563501012447213
0.025867157164411254
0.01825929688775465
0.006535659545455333
0.023506215232807385
0.06034552535983068
0.09536691628180244
0.11406192637177748
0.1201703624008409
0.10703078169665883
0.07076525804687561
0.037009633786605156
0.06084842982000529
0.12611901208043372
0.1668833717832368
0.16938589493045952
0.18001531983596272
0.1734832379113997
0.14818266139158232
0.10584833409101797
0.1249614317788219
0.21532743100411417
0.23362531872389095
0.20770688904391924
0.19494345655587203
0.20569689596091528
0.22293360085757874
0.23607644779176667
0.21603604410641153
0.26035289846706844
0.18549217296018827
0.12366762196488396
0.08563137241019236
0.12312777203473331
0.20436652421324833
0.364384330669982
0.3226729325286338
0.22514066200017632
0.07726896570857215
0.021578661870322643
-0.015610284080819856
0.02098395264206454
0.1289379296086125
0.4598261594223112
0.41114539802667993
0.11718103843802316
-0.005637514747347517
-0.0359365399869771
-0.034155412593985794
-0.008316633781462262
0.046159892012353335
0.4925222292516861
0.4545158805948404
0.052803395035179515
-0.023360850463984503
-0.04225613320475464
-0.019075193172781738
-0.0037330479220322823
0.06619907685363821
0.4914680693169899
0.46376515859071993
0.0394611167775297
-0.029037870066323506
-0.030264027569455145
0.001166608945923368
0.043557640087954784
0.16669277573370736
0.43445003866676735
0.4428450617133803
0.09765405907638156
0.022844048024891046
0.02561105339028241
0.06998393703738488
0.15417098303880447
0.25901293886581667
0.3128427220476238
0.35528510857238355
0.16176211563064213
0.10819864754070133
0.12996487980547308
0.18068019764041685
0.23674495159698117
0.24302751193997463
0.16261264084551724
0.22507283569623954
0.1680504080502881
0.1431114787984519
0.1596031083960851
0.1860945475202829
0.18690261269014294
0.14828223655182646
0.06211072543226236
0.1067241073651291
0.11064682685607975
0.10894101606626565
0.12470855528778357
0.12314997141291734
0.10694731996736435
0.06515415455382863
0.012590715260633666
0.03507673056478696
0.0461995883915538
0.039585072721836895
0.055740911541317606
0.06347654817916094
0.05498697384949252
0.02022909579735993
0.00021826096807949573
0.00548331323145894
0.021263443764677387
0.022374114883528876
0.03557877981498487
0.03164776466523844
0.014565416064414746
8.201603504729842e-05
-0.005203732482594376
0.006442650593355257
0.03535922236811682
0.07413132840741482
0.07612930594750485
0.09014075440306149
0.10236457747970386
0.05331371421079943
0.007949627431581573
0.02526508994026441
0.05030002749814792
0.07432044493391114
0.02814336195835253
0.025195370164517256
0.07561078172249452
0.08430201821102086
0.030735193096520744
0.03793072667139304
0.05329395114782204
0.0662847550966249
0.004186573893276156
0.001576101436757999
0.037771989598117714
0.08163659915066579
0.05238427515738856
0.0340293658537237
0.05080208915879125
0.05496267809454772
-0.02001467758149972
-0.022935932469460928
0.009865502077143314
0.06488199296677179
0.0570379754218349
0.01032804183796717
0.034947418889078014
0.04325013114415259
-0.034321609324489404
-0.035671556119772053
0.008906810423861723
0.052717407611803595
0.05044983543288586
-0.015528664940096241
0.034959154883055635
0.050085183792933786
-0.003967621994031552
-0.006695794688462764
0.0357140431591498
0.041471492892114145
0.034068186860613664
-0.017337687548245728
0.048713374256006296
0.062099838849016875
0.01854335193892358
-0.0031925948858149114
0.041192651437400314
0.0245094591327785
0.0038975439429378344
-0.027304559133995755
0.042560444845229084
0.06586685990166048
0.023511846247624903
-0.0059208057308907484
0.020632864634067372
0.001814103124290953
-0.023673570251721714
-0.029363720137297416
0.045276537097208074
0.058358119024290014
0.013283045828568634
-0.02600939260136425
-0.009163945733983738
-0.0247665309097487
-0.047129735542654524
-0.03295548445797351
0.044365893689962264
0.061885889667141064
0.010670859129511445
-0.03328309280086895
-0.025594086016828298
-0.03565295847045934
-0.05169304034370932
-0.02365020663760219
0.03307869162203781
0.04635081666060835
-0.01100170457648839
-0.057967707883084446
-0.03632206429766353
-0.048622674266078025
-0.05390365677117733
-0.009831445378553225
0.03340841413993885
0.04954898479962559
-0.016465415305026262
-0.06758692620350569
-0.048855384077411954
-0.059616306933573095
-0.04931438639460219
-0.0028580970655358953
0.016450381367368122
0.02572802849808252
-0.030158489193329502
-0.051544102699631035
-0.037643268158326526
-0.04386948071736693
-0.02684327786050891
0.01870435477526284
0.031025741776679272
0.03236610666176305
-0.02078369972340421
-0.03645858103949885
-0.03114773581537641
-0.03239375757215174
-0.019667546730758215
0.02273071631838053
0.025188261631173513
0.033621740622473986
-0.012613348593788548
-0.03699883578667118
-0.015644933702407444
-0.027555298943260906
-0.015990645929751548
0.01911877340862513
0.01963212185438056
0.03634415915618133
0.0010880376497836286
-0.03516233069484168
-0.021325905643960648
-0.024625660409468945
-0.009491697905741543
-0.006981342723812721
-0.0074581071324161105
-0.015150143715708757
-0.03830257611979197
-0.042570140282488636
-0.04972502313561868
-0.0386698010975259
-0.017487022353475087
-0.012437856457772633
-0.01115297685169045
-0.0184235397959114
-0.03540401850667562
-0.03778143160926694
-0.049333959293020695
-0.05513829869324057
-0.04016450280407333
-0.012544473769906656
-0.02553697853738577
-0.06344643607917659
-0.08098581902458958
-0.05696287125630037
-0.058414222928382095
-0.06614402795172106
-0.07033208677387041
-0.030869441246026353
-0.05788919581768895
-0.0959355931293665
-0.11899002367854142
-0.09764934335633824
-0.11234357804965556
-0.11233468351111887
-0.09194166803169494
-0.04783323605383034
-0.07486081293668062
-0.0938667440268085
-0.09631389099049235
-0.0782323753161101
-0.09385347861846279
-0.10001976799044483
-0.10382532856594207
-0.08051766491424103
-0.09905586593463009
-0.10160566037696166
-0.08589301845390741
-0.10066220993036297
-0.08963405283415478
-0.08120292796786353
-0.1048541629438106
-0.11782760883070356
-0.11052792352819578
-0.11845060574847366
-0.12270105007259563
-0.1232082004579713
-0.07473046631678842
-0.06601115285413793
-0.09310729738176238
-0.1463702096692964
-0.11917816262400972
-0.13873886727495158
-0.12771721026150587
-0.08544614960648426
-0.04984705815292399
-0.04218375259875711
-0.07805633796217673
-0.1776863559265782
-0.14128891823640133
-0.14248867923065806
-0.11412875564002349
-0.0526579688318547
-0.03728359571848369
-0.03185226441593242
-0.07998455184420229
-0.19550646079200085
-0.1371336059709551
-0.11668221524260043
-0.08074754906868896
-0.028357684232381396
-0.01778693979847991
-0.021112294153947653
-0.07906640670445748
-0.20578337164371552
-0.13175092568114383
-0.08191221027492457
-0.08795171773738499
-0.036529062096488304
-0.020564025776472625
-0.027344763657764413
-0.07924215550514971
-0.19099031528336727
-0.14798036351610325
-0.11008763127528165
-0.11664370461052989
-0.07002085634170327
-0.04225875542999803
-0.04984176624278481
-0.08895309777826202
-0.1427542581874274
-0.1330931830519963
-0.15046827169387758
-0.1474371191296767
-0.09222098930186264
-0.06221603694423268
-0.0871983575749264
-0.0718702414796198
-0.09597800160715371
-0.07392647418324003
-0.11031720342932876
-0.12931771563992836
-0.09659288385904446
-0.08065705733513341
-0.06737873627799892
-0.0325295343070311
-0.05837908862410764
-0.05939764512671381
-0.07890043149478423
-0.07923217072194834
-0.02847752418103329
-0.017723099280721355
-0.009288955007471046
-0.007907254213488977
-0.027329302330591915
-0.03977603497801881
-0.05052151814546994
-0.05929464526067009
-0.02072212986026743
-0.005703685181345208
0.0017379170159651475
-0.004638850164072812
0.002383538492919196
-0.015565786770033053
-0.03463109931959341
-0.007788038948692292
0.008708724377856088
0.01835808046126516
0.02918035364941541
0.03217412729491348
0.0050604838590418075
-0.010435758579815189
-0.03497019577087414
-0.009213832484931727
0.00824313132088997
0.01074338376758899
0.0033644936789054974
0.015029825165990909
0.015597069342061726
-0.005178505439653214
-0.040205471159432
-0.026809918667211566
-0.014614211366572887
-0.010275992277925377
-0.0021482355418123563
0.028388854825833944
0.041820007047385706
0.02498486201027196
-0.016864004822715932
-0.00469783657643893
0.01317288488365763
0.01668119884801057
0.005804480889556079
0.03504933349513113
0.09419628651565536
0.04524407305144651
0.008886566145092782
0.02949793718428628
0.04326118186258792
0.04724764791395177
0.02244736274622712
0.03452413300144034
0.12637982533328143
0.06848223188146765
0.039846560728037196
0.02994251099504204
0.026940120494931486
0.007627817738256282
-0.021521938156510198
-0.007908879932699595
0.12919563869578052
0.07222750441155294
0.036787631133390994
0.0014490119907161442
-0.010865000618831748
-0.03178132370915518
-0.07628158651729151
-0.05154095753266553
0.10462324115537248
0.085889343730837
0.04781008400746416
-0.016535901403327335
-0.034562820139467036
-0.060626720994637784
-0.08117021802218612
-0.06669131803119188
0.09561900828831388
0.13693698390667
0.09253069574189288
-0.011706293508119556
-0.0402652598047432
-0.05325362644528078
-0.05960689659535349
-0.06984468136699494
0.0770535855460034
0.1387670288683473
0.08760794306239295
-0.01074703013830997
-0.04047113109853934
-0.0545611204593292
-0.05297077164268447
-0.07492027898534961
0.07595292615238035
0.12523263591992687
0.06963598249145257
-0.004905265112262053
-0.02583163701394072
-0.03824260147834794
-0.04536199409990961
-0.07676766740058016
0.05858978507920868
0.09977761584610781
0.05790115389469083
0.0025424344055658557
-0.030895767352985076
-0.03627737946934666
-0.03928332083852184
-0.08169986464783915
0.041619763516435954
0.05660745958187241
0.018543875429613877
-0.011690914967723839
-0.03987988901470325
-0.05357680748399999
-0.052405056615034376
-0.08182055390774703
0.01131870239050355
0.00728715392881415
-0.003326655825105456
-0.012943520328671338
-0.038908456259556384
-0.046930933261641765
-0.053304899099220336
-0.06451441463171058
0.009319074622111099
-0.006250467001307352
-0.023847720194375182
-0.0357084609272377
-0.06067543975241659
-0.06521198952778512
-0.06205057359346919
-0.03751396785710448
0.0031162915361182585
-0.004931838481873476
-0.027728095605398823
-0.04474850071329727
-0.0627513124895347
-0.06373238426301904
-0.04125177562696383
-0.01404354820003009
-0.0038788321904263236
0.0014266350344119794
-0.0023961701740149275
-0.019880142003774044
-1.6781862085258317e-05
0.011746762348426263
0.006800919372013146
0.002823803118809278
-0.004760210426767864
0.00027280880430832077
0.004688016536753079
-0.014338026215274633
-0.0038132367643969765
0.006967957380903343
0.00042676967386799316
-0.0036287936887171774
-0.004681921013926311
0.011805737788840222
0.0229542360795636
-0.022614975442493728
-0.01909481178777023
-0.016774987996011088
-0.023988726550912106
-0.021895724584257398
0.003982195014941281
0.01678260629677121
0.004790760881336749
-0.05532920615527764
-0.01662130094593923
0.0003625897720899476
-0.019676550011219693
-0.037386627658082816
0.008825764795441036
-0.004071646364104427
-0.036407038899460495
-0.07100070294839607
-0.035610237639561663
-0.021596620240783817
-0.04305727930451638
-0.05713806986221244
-0.03166210247777085
-0.04779305712854755
-0.03484012712799164
-0.06509258922961399
-0.052630234135367875
-0.027362106421294163
-0.03685504253250117
-0.07183952995281763
-0.08648913171221878
-0.0456563334000805
0.01856293874052401
-0.030015957863604996
-0.0198993442938412
-0.01501960689374226
-0.029188157955474622
-0.07477723866514158
-0.15422541688297145
-0.04368069157864561
0.03471919075522818
0.014925636815532562
0.011487154491702813
0.008612627550268594
-0.012761455874493502
-0.06394026558125059
-0.1929890162372461
-0.05940381614485958
-0.016626356120818662
-0.021419527153447207
0.030869048960773995
0.05182307077802787
0.03671168255614816
-0.012532075792382377
-0.19764235375550057
-0.0775225005875
-0.04889770068196311
-0.057278377889525674
-0.009697554449283866
0.030400430066802916
0.03668370010202234
0.02692190094824399
-0.17821563626473927
-0.07897152334904427
-0.04549308547200731
-0.0709427956759218
-0.03917560742184403
0.007377585513425204
0.018501077836562088
0.03981051900807009
-0.12721975283861658
-0.08388331117054612
-0.0404502489520342
-0.05350353296856024
-0.031859845831218384
0.004081628084596254
0.008598755059977906
0.025995845438298183
-0.049011023212112315
-0.04412138681774908
-0.008951704360323269
-0.03881537764507874
-0.05435072824960482
-0.011942306580734571
0.01087339860923733
0.02649439516187404
-0.013928690477291906
-0.021820437878721767
-0.006889874206743754
-0.03587413110882182
-0.04651564458685532
0.018158050195088715
0.02085079679000137
0.009929337937815218
0.002514241215057912
0.004949845370470824
0.0013074187149102418
-0.017792986198924752
-0.026549605714700015
0.016251560324458424
0.010005594677943843
0.00541386384550691
0.013130207313209654
0.017545822182653763
0.01445149736195571
-0.004456717677126639
-0.026181015948699097
0.0031004745651967676
0.0036642024215012433
-0.0011878608069193473
-0.008145457831912969
-0.004235084579922655
-0.00048794904227661775
0.010780407584862758
0.006557167179004889
0.0010191579843009735
0.005971056947342429
0.006582669506759164
-0.01257905001043679
-0.008493731821448991
0.009538843513028392
0.027172139338460067
0.021224277227855252
0.006481888336207139
-3.41221728008512e-05
-0.0036147180530063583
-0.016464517242466316
-0.010558328746740498
0.01232242310706651
0.033053552579745946
0.023790398460287673
0.009899483850175844
-0.0028555874815143116
-0.012863815643116033
-0.022073992903579708
-0.007865475493404975
0.018737024131885546
0.03792840684129537
0.02487496925380884
0.018098597396767484
0.0011967537804111151
-0.014641376952454991
-0.02489230624595748
-0.005013643453177934
0.016499074566503666
0.04697338966839405
0.039884499428989834
0.03580580243771772
0.0035643022366661815
-0.010447208833967254
-0.013032003962046438
0.00645063805555396
0.02318213569023165
0.07445459242115803
0.07962089158501692
0.03885951347062556
0.005611199882376727
0.0060346698942877995
0.007736823937755415
0.02124098489684995
0.03562078495666741
0.08438850952950519
0.09470643198261482
0.06357099783219998
0.01829332831338386
0.01879026731566228
0.011944125320349695
0.014128376321798948
0.032753962688196206
0.07463274698901375
0.08941609883432128
0.05680592927124807
0.005921627579214633
0.011742544372052677
0.013613341838730088
0.03148087892973859
0.03687197431376951
0.0821032628724105
0.10274867609656252
0.06512458308995026
0.01357163286180063
0.0028221536436556735
-0.013990265626730815
0.0008108652613268542
0.011991005565147886
0.06478407167782414
0.08646390627443869
0.027922351767836955
-0.01713462489206704
-0.030137361941236267
-0.033783913112349157
-0.03997154292265105
-0.015509867907369485
0.046447248608057955
0.07601794879261121
0.020940608183379627
-0.015585185695628596
-0.04662519510260254
-0.03539510325408408
-0.05239580878146039
-0.013360320773220333
0.040577020176522
0.07163128399283443
0.009713316060150554
-0.017835091862983196
-0.046732239523356214
-0.0375783457574421
-0.0508809715953222
-0.020510100577030045
0.030848498255492136
0.0645398414914579
0.011786721379025165
-0.007049243264634975
-0.025782415354902246
-0.03594379777782958
-0.03673472124269934
-0.014095999164202221
0.024139226604580344
0.04268457120386647
0.005887393090909844
-0.007138035664525518
-0.008917453604505821
-0.028626652937560886
-0.036333657920136035
-0.016674472898695256
0.008980815895652947
0.026919973853255882
0.007826677715072648
0.002450728842164868
0.0018006124553276944
-0.011832545761250781
-0.02839463066124808
-0.0244106322072627
-0.005675699014276679
0.018644014318522115
0.015441791808925166
0.00999917264496642
0.0016571946778892203
-0.006177444790425695
-0.015740940755567173
-0.04032687704884209
-0.08946436239992625
-0.08534253487939644
-0.04910285597984496
-0.02818285689473911
-0.013555890699779716
-0.0036057278788667675
-0.024627923529799964
-0.05535321356332531
-0.09302411510744649
-0.07745411773298506
-0.0573163320637909
-0.0341099430102075
-0.014715385010465808
0.01934536698653866
-0.027205954333037668
-0.06817267898734873
-0.11656975187549606
-0.09778144100587
-0.06934687735864718
-0.041022004475873196
0.001137684851581213
0.05687360276073722
-0.051901090378945434
-0.08758666311516837
-0.11386485317032691
-0.07375350885109416
-0.03402373881859078
-0.009709477031795545
0.027854759547018187
0.09544457576093325
-0.10158169933890633
-0.11734755983148074
-0.12301896179408275
-0.07781091341133912
-0.005747828762843092
0.021667060571964093
0.05481768356424995
0.10727196127173677
-0.07669972662045221
-0.05100723496885907
-0.059068590984764476
-0.056027317692036234
0.02121308104384981
0.04656742529335338
0.07341957011537353
0.10485588554355091
-0.03910391794836133
-0.05060489825288092
-0.06901093443347214
-0.07017178543529291
0.02461562969152514
0.06404827670222822
0.08151952705201533
0.10312278570552318
-0.006026404218754509
-0.04950835082067496
-0.06390737216656223
-0.05222669206236937
0.06635009479915363
0.08970466378201285
0.08233459416312466
0.09486525181114189
0.0009384560811964864
-0.05922690779252941
-0.044251739448050005
-0.02207177143279465
0.0937683059853773
0.1191413163497592
0.07286951343875815
0.08137416438025373
0.053347083606920365
-0.00873763371336535
-0.009902557881217822
-0.0034499855416942715
0.11012505095429458
0.14358744748019392
0.07209042103419103
0.05296379090923261
0.07154648304340443
0.05573188494806283
0.042361803687761095
-0.00529947947196538
0.07032920315746626
0.10257374373131954
0.06846097768771879
0.01944540597878501
0.03480097674466491
0.030219465930318108
-0.014249260578397717
-0.06261881847725893
-0.009480208647084893
0.03257609451674173
0.06086335993552154
-0.0005701301853520457
0.004770758302466371
0.002002079672962932
-0.038299213137116
-0.059808286746595
0.00457511067947123
0.031122270902973027
0.04812379417778636
-0.01562832676165471
-0.017303585210572268
-0.025034643290239987
-0.04564662592526729
-0.0740769784515012
-0.017580617692101633
-0.007854392925851411
0.0018572585389261635
-0.01614983816051863
-0.02577539558539286
-0.040532954147915704
-0.05899901546518401
-0.09584699783795521
-0.03537333574435729
-0.021570385144956312
-0.009160718490979219
-0.01057464789316459
-0.01948815500614881
-0.029456045915428178
-0.05245400048606742
-0.08267625147784774
-0.026146666022271246
-0.015178134924753466
-0.009612020202413828
-0.0017033919796048996
-0.008169761840536797
-0.019821870977282663
-0.024261875222250703
-0.028759141956705488
-0.02333233466523203
-0.012817550796108216
-0.0007206628683198565
0.002669489643100985
-0.010143640988332243
-0.021651383842222406
-0.02427436399540927
-0.03054713649535868
-0.026048609477927944
-0.020411491961332323
0.00550138409408409
0.007291799963068419
-0.01038350000905176
-0.03420810046811108
-0.051715332131967655
-0.058240777558838316
-0.05361689862396562
-0.029886021309674007
0.011266091255851634
0.0032461921711578476
-0.018785635473167618
-0.05993739088342815
-0.06248496906680134
-0.053051214505329694
-0.049988074407394126
-0.015951101131084278
0.01072361023041685
-0.013972892893129554
-0.05690539911059299
-0.08733058024148027
-0.06748706073455119
-0.08200997505980138
-0.07552892558373189
-0.016587990794821445
-0.008304679790420409
-0.05023764863082789
-0.06663221512636298
-0.055282662536882896
-0.04284277922927645
-0.0843820999039848
-0.058009589142342104
-0.005977188350650275
-0.032320595318726233
-0.0792550916248359
-0.025916372994659067
-0.041610425105376
-0.04945548723488584
-0.07688486263820934
-0.034110235320956216
-0.007260418061238504
-0.05195069293390644
-0.10311741321374704
-0.0050578960776742985
-0.04230352839494614
-0.04511486115774219
-0.05593026523347761
-0.02548529019253327
-0.025344794461401848
-0.06477042125500675
-0.12073935365031366
-0.00919283479310938
-0.02561879691553236
-0.028062736893842033
-0.04937108609371387
-0.036524415778131834
-0.03830992232626117
-0.07852891763714012
-0.12701411767338147
-0.029656775464160484
-0.017370732993026574
-0.01695540531947691
-0.043752624678792804
-0.04409710145867523
-0.04154344023286642
-0.08523774429235809
-0.11868896095118707
-0.07874439197668147
-0.03423257288791985
-0.02590190979786955
-0.03803465571882535
-0.035176688688219784
-0.05972729154533353
-0.09593364493339827
-0.09478379995455438
-0.08259655469599093
-0.035526815995446805
-0.03398454739646162
-0.022571134362306775
-0.02908775866485548
-0.053241307521987455
-0.08116921825373552
-0.07285686511133904
-0.06831587686594583
-0.03418832365297276
-0.02991953121655421
-0.0127513298156659
-0.024344792592144195
-0.039695649996508896
-0.05411532089256961
-0.0459026757475878
-0.04090580901879371
-0.0229845778612376
-0.014028149973706069
-0.00971574478108907
-0.025239172778157133
-0.030377222166479492
-0.02487205279572023
-0.03680717167350169
-0.03363500044040093
-0.02088090317560386
-0.014932653941868131
-0.017088661016675208
-0.023579659017765115
-0.016161927427603685
-0.010394620035163959
-0.023958969204442498
-0.032084586202152404
-0.028904111552097322
-0.02558040714272271
-0.017654841780432633
-0.014834385211144514
-0.010798927015840289
-0.005317596951430537
-0.0026096028809654676
-0.005207817148659746
-0.007919187883476583
-0.013625043342472047
-0.014444459786831586
-0.013652873177676614
-0.012125481337393133
-0.007734831109778992
-0.004846566299526338
-0.007842583599148781
-0.01191231526203895
-0.012766347166334131
-0.013282205044570958
-0.010895350845448619
-0.010106888411391445
-0.006219131985299498
-0.007662973717358697
-0.011671364655094614
-0.015617545680067306
-0.016329545979087746
-0.020893735136390416
-0.01400635111894183
-0.0132495085816368
-0.006312348284478477
-0.00877203787880134
-0.01733922287539025
-0.02485477104047152
-0.024131158961903747
-0.032693682980117496
-0.02290357479062105
-0.01879885648475325
-0.0051456464803701606
-0.00460663950282803
-0.029539047137776435
-0.03314207781733674
-0.03373121549408753
-0.03448627579899172
-0.01788315853260606
-0.01057040251567767
0.015466628710474585
0.010949432593573666
-0.03941952026375639
-0.02775142080063635
-0.02653400932149926
-0.019706203221784097
-0.016264638962846432
-0.002084629713912117
0.04107006185948403
0.017720681333372627
-0.03865377567275326
-0.010948972745041113
-0.0006688086513156918
-0.005722673354469852
-0.012259945975044723
-0.00019683669125832433
0.05329792128166999
0.022965014925473995
-0.020166048540226474
0.0042035926323880125
0.022130171095517816
0.006724142799696721
-0.008079724769273973
-0.0005004717311962511
0.049330257508991664
0.020943168456486597
-0.012887588171706722
0.013309145230996399
0.025532640947304914
0.012048064293812931
-0.0018655746879129387
0.010009565442046637
0.04236107060613073
0.01457277656208032
0.007377104276342594
0.03053118893492633
0.017971227293421488
0.017325527773227243
0.017712372018271683
0.024801571369899893
0.02774556948125046
0.00243178497536458
0.013210552678265302
0.01178891388314915
-0.0024575859090499247
0.010463717165925012
0.01944395673811406
0.015376744461510756
0.0027915258251760967
-0.013266504352684875
7.205021569215362e-05
-0.011814647949141666
-0.013864551808710747
-0.008385069752135642
-0.007128932408947703
-0.008786186202746911
-0.011821403687487709
-0.02337763930064715
-0.019056928471802757
-0.02357273763000638
-0.025236378258242213
-0.02456448431373025
-0.020535201104652838
-0.020244725810017496
-0.014217999048779998
-0.017537182510917418
-0.019869377134513772
-0.018778195018656428
-0.017619558726942302
-0.01891243714276211
-0.011425980692184026
-0.01256737961120072
-0.008794769330605951
-0.010605259685695655
-0.012445090813870392
-0.012490962046224156
-0.01236744420100959
-0.013986622087460873
-0.008940357407177088
-0.0075489879501485745
-0.00421571468800786
-0.006353944603860334
-0.008775920204366976
-0.010526738233916253
-0.013570148036806633
-0.013923693901476028
-0.008671897909057227
-0.006308957095604798
-0.004064555250089929
-0.00650795889797485
-0.013193448555256717
-0.032070578559881976
-0.04139563226172189
-0.042838270211411573
-0.0342523873462594
-0.017850447046362652
-0.006629047626917128
-0.008058432593558863
-0.02039927055405273
-0.027257294376247316
-0.027989709251586253
-0.023316616865360917
-0.01976615143107599
-0.010328013959168289
-0.003684393713822054
-0.009288716095269217
-0.021885620224510186
-0.025640067040457667
-0.02403097699048933
-0.020980241710029244
-0.01676982697219811
-0.004185460773594971
0.0005299805072874283
-0.007670034625376396
-0.020292271799908147
-0.025637082372293406
-0.018779845063825698
-0.020242391511162954
-0.014841095477960722
0.004181185953914416
0.0036196491550945695
-0.011965312296031906
-0.021416190675288237
-0.019032562781027097
-0.018336828344476242
-0.02007781210908446
-0.01183552413088384
0.0006101302651187778
-0.0037355643019185486
-0.03409430436617336
-0.01331197893753659
-0.005717731620913041
-0.025245468682109987
-0.015535258346503059
-0.011013542912539035
-0.02302620494296004
-0.018299076406597135
-0.052646726639511185
-0.007617585500818855
-0.010728527213602849
-0.01591672141088011
-0.007108691850981616
-0.019814211381503983
-0.03960956865704589
-0.026694261142927545
-0.06754050626278817
-0.015329848014692489
-0.004663660613199942
0.014153490666890093
0.008850246352409922
-0.02276998098507213
-0.04361432250434802
-0.033124615591174855
-0.06784260135720294
-0.020779967126246305
-4.899504077869553e-05
0.015440168738782277
0.007805666815024682
-0.020348716835868422
-0.03402354389139066
-0.03852953333234572
-0.05705670808008025
-0.016297441554129887
0.000983853100772911
-0.010310331859421198
-1.799961075181079e-05
-0.0063891342293529016
-0.01928398140297964
-0.04259711528055262
-0.0345124807921979
0.0006836092651433146
-0.012445228188197526
-0.025344620734352466
-0.007595673623588897
0.00148685346515037
-0.0004700168059687971
-0.03230920342591786
-0.019209693344678865
0.004252574830300568
-0.013640237663863538
-0.01770675874195017
-0.0074985925913470955
-0.007927371423401471
-0.0061700106126488154
-0.02492981758478085
-0.008667816089847562
-0.0015894019930063493
-0.017977612888955094
-0.01979793785080532
-0.014073511761501012
-0.019041232131901214
-0.01812635193551032
-0.023972735345775296
-0.008717655776729592
-0.009139771167564112
-0.02179504119807182
-0.02800626743427354
-0.01585117280146517
-0.020416768280623995
-0.01727558343613142
-0.018420438508934295
-0.010506913403470071
-0.012222779347499714
-0.02040962603144971
-0.031556307148381174
-0.021923916413733407
-0.029686458897191886
-0.024253988139034902
-0.015188792522500622
-0.009777280776503697
-0.01402618827984214
-0.022939375009841084
-0.03672537213531639
-0.039719783327283896
-0.039812741569837745
-0.02015146806801665
-0.012439183665690452
0.02518805482811662
0.02757579905129094
0.006462949603654642
-0.013532663166651164
-0.013111778246684334
0.012852301416104838
0.03630978322937088
0.037686008225085325
0.03252348134442447
0.0455061838244696
0.02512656100235849
-0.0014647239381349734
-0.0006546177543052336
0.028868810561808934
0.04906740970952663
0.05285688092692185
0.02969043281029293
0.042417025077292614
0.035051077601210165
0.01019241991726081
0.009552630460864953
0.04405810416676182
0.06498066739995378
0.05528274214375531
0.026399320353613993
0.03146506383357627
0.03200821677475213
0.030143562010432494
0.033473515712812124
0.062270291603380615
0.07485891689195041
0.045346505339187056
0.015567733202160702
0.019193693181735413
0.02799561200025967
0.03209249000738252
0.04993586072591042
0.08283212793411043
0.07076455244425353
0.028673465405982142
-0.0004560801520459866
0.009114730710227009
0.019181101890735443
0.030255866528279652
0.06083214799043521
0.0873764551350261
0.05525130645663161
0.020783455059560408
-0.016259969319025736
-0.00833764613439508
-0.0004887004666057389
0.01968144752980143
0.06678737736023997
0.07421841472949371
0.04327746465811048
0.017629393090529532
-0.0250652787564436
-0.012465869687593374
-0.01247291895963892
0.007767105215949564
0.056979688746485284
0.046579284606105366
0.035903138035203154
0.010974153358527654
-0.026849189285153348
-0.009027194559780847
-0.0011136776319381392
0.006935558346723311
0.03135842399286432
0.02859231034168727
0.02011970234245483
0.003209831255553592
-0.02324027410080765
-0.002018679866051587
0.02134325974700873
0.00997880337551472
0.01843640271830584
0.01737257104460375
0.017019407232774553
0.0032127768832521963
-0.011025834506609425
0.018584554735313296
0.03545543638633717
-0.0020573457989247045
-0.0011308831907463478
0.009877262550634544
0.015061423288598438
0.007524611182603484
0.00048718697893639925
0.027524412409109616
0.0282480053118165
-0.0015593465723635774
-0.01320464246678754
0.0031987663727033305
0.01592942241314542
0.010375219777581306
0.025781940242066984
0.03317771233153116
0.02326298083256011
0.0048644585847149105
-0.017622349613227447
0.0035450904529094832
0.01902844893948986
0.013241674517902556
0.03598453989898263
0.032262762429370026
0.026174924443072182
0.0069884672524443735
-0.014967001489443821
0.0021586186540726933
0.014692512308966135
0.012138485208686395
0.03498581121700888
0.030773291274526625
0.027474942695941737
0.010427554993423089
-0.0071309581366870356
-0.00015978917170943934
0.010538214408005486
0.01032000057975488
0.02865689221730117
0.0334979824467102
0.03321603138919324
0.02225700252825113
0.00031062976520445317
-0.0009967181023826193
0.00905071618322162
0.006285388097565581
-0.011424256448692594
-0.023325120708540308
-0.03556729218249222
-0.060775636686779606
-0.0837095113890126
-0.05289395776744703
-0.040956871637827796
-0.02052284968006912
-0.012218141967114312
-0.02467311319963933
-0.04024537706836358
-0.0500501658250469
-0.06486934076760674
-0.05617602765466728
-0.06031906541196367
-0.034442913285015
-0.0249541171026399
-0.03425835266198073
-0.058117489219399764
-0.06275829720013354
-0.11082333936054252
-0.09866479941513567
-0.10131872449909095
-0.0786208209420635
-0.03321415235847774
-0.07053024951937219
-0.0875679816657853
-0.09639621619711615
-0.1750614283218948
-0.1571070041390968
-0.14969610432951339
-0.09752716355599249
-0.050027726323791884
-0.07405482750757537
-0.06011489842438302
-0.14720815501219153
-0.16780638788727872
-0.12612427459315734
-0.14380744976319745
-0.09779103405714547
-0.09086617734123976
-0.08143195074987092
-0.1429586647986741
-0.1832913744672203
-0.1140208668030467
-0.13372785217159316
-0.1488811930922029
-0.09265619486952134
-0.1679048317963073
-0.13780620240687824
-0.19199712097826196
-0.16814745422532434
-0.09712734823572104
-0.14392504983264034
-0.1249512793694224
-0.0899183833426543
-0.21280251673428618
-0.15190683963891202
-0.14416651565085503
-0.1365768820101414
-0.15048078347333727
-0.14289453830148321
-0.0861442957306846
-0.08326735670779133
-0.2593176217563706
-0.14292574512656814
-0.11530657517052897
-0.10906856392502269
-0.15207198671790492
-0.13038750327633764
-0.08389865224111749
-0.08722670246662603
-0.24556346289008013
-0.07869656717170254
-0.07508474423781498
-0.08161859458565285
-0.1425634787012326
-0.1391512955510313
-0.07533380264705648
-0.08948783959630309
-0.21191468796601604
-0.06937979194082358
-0.07204473349965976
-0.10656609479504679
-0.1164836957437305
-0.11519131303115379
-0.07099887420153565
-0.0734436000449654
-0.18337601846104679
-0.09821311717185524
-0.067372231167372
-0.1052403409732106
-0.06956657324858524
-0.07513810243826037
-0.0642992635379227
-0.07833474068890128
-0.13988658502857387
-0.13213629383883913
-0.12338365903712231
-0.1466595446741833
-0.10911837971487995
-0.09392897781775256
-0.07285391589870245
-0.06966623071391133
-0.06963084524093789
-0.08572453406117878
-0.1052198254230516
-0.1304546258197551
-0.1109532865008504
-0.08672708281398515
-0.06543497765610698
-0.039914599200325
-0.02698431774553988
-0.03415003053226909
-0.04951947134626812
-0.07746609588041246
-0.0636264601203592
-0.02863208502715133
-0.02694762569603908
-0.014328870821217192
-0.01788124154031405
-0.03689233876813309
-0.06006936416629681
-0.07281776983750632
-0.06293434655478529
-0.024304755267759943
-0.016841116261032088
-0.00711974907472014
-0.0055091495947998
0.10184947957126193
0.054672909176591546
0.0137147162240699
-0.002453787171604081
0.01152681203632062
-0.0032534128529350032
-0.005753371023636932
-0.0037920093853442472
-0.0030951206912931918
0.019445463125232813
0.07012672458427958
-0.009183899698159016
0.05008837375315898
-0.0022953080821577388
0.007960574348341787
-0.01346757745603371
0.03920600661315173
-0.012103994964162338
0.08204715362815167
-0.00793239789187518
-0.007727442330917256
-0.0033572672395363935
0.015027958812514702
-0.004807950326007861
-0.01003785075876348
-0.0034461331258683345
0.019695899238557912
-0.0017540650601921676
-0.009768990570324923
-0.0025646003729685725
-0.0036376047304558417
-0.0024880627630338896
-0.002853758113885583
0.012713169221339691
-0.0021507248427339756
-0.001013559298485555
0.061804583800468785
-0.005794938013131424
-0.013358176550546887
0.015062609067872464
-0.003949559229125184
-0.007120703634313503
0.014018924517446647
-0.004370408101212656
-0.0027453630222000107
0.010937924073793712
-0.004507210294382978
-0.0024178612720116783
-0.002843709631528451
-0.0024744341883551017
-0.006695733807528221
0.059620572835043455
-0.001659682586442105
0.011226915257682659
-0.006653409159200741
0.018404628279419664
-0.0031292845710391057
-0.0025780462552958392
0.016292020724817627
0.016303399577160788
-0.0042925387695666875
0.02935276818517015
0.005454595582406887
-0.004860812282058213
-0.014723243958428774
0.05721874731904237
-0.006570117817103863
-0.008370820518318516
-0.006934640527969165
-0.005321315919961307
0.032457148996051656
-0.0072855988103233665
-0.0037466316199482675
-0.0015784461561189228
-0.0017909533573327223
-0.0016346824539522074
-0.012680766843676668
-0.011550552708875091
-0.006692093744578812
-0.007095566363242757
-0.007901363257312818
0.012777415822571553
-0.017740546078721185
0.005686821430928708
-0.008612461137105096
0.017140518469006116
-0.0126102188961806
-0.0059999946428380985
-0.03521669852199944
-0.014528175477372281
-0.10960665101053998
0.011903693773719514
-0.014246623662069871
-0.028502723855126148
-0.017340999233878444
-0.017804713007908264
-0.01839181924539545
-0.005438459558177339
-0.021081054776354965
-0.010738981439503551
-0.008095007131211104
-0.0067177686239798225
-0.049427150264344535
0.012161306699898062
-0.003455089053909559
0.07270000285761198
0.08746170748116318
0.014420474255891998
-0.005663200444191883
-0.0016150226532386856
-0.0018055292182880484
-0.003330908702514505
0.009894970764843391
0.016172827117400142
-0.0014024148895067847
0.02563841035835087
0.0545558147172399
0.01545571575265441
-0.004015392977369928
0.006176505995753615
0.08708946660930246
0.036856832163629866
0.027448274928982802
-0.007911478471472522
0.018477691055226158
-0.00243485352680313
0.03654203680981098
-0.0017503918679395946
-0.008230230674800044
-0.008282313679786543
-0.004613595644634997
-0.002942292113997997
-0.018828090791747416
0.011133815097080868
0.014275243141304713
-0.005545875422884608
-0.005419693336712003
0.02813208775846336
-0.0029479584173702825
-0.0023412614906851976
-0.02154961481336217
-0.007297024475469309
-0.023000429113882274
0.02207359048053593
-0.003937435202768937
-0.013223142261698982
-0.012518291166097229
-0.005527339667616267
-0.00861118206577209
0.0035035217964489345
-0.005161214323746055
-0.0037081316173663316
-0.003434869523786863
-0.0031218105407138674
-0.021634329718319717
-0.0024247481574392934
-0.0026125214824918017
-0.00260451615126762
-0.015693148708097782
0.009442680814005764
-0.0065634391105610194
0.017961713275865075
0.012753913008717633
0.01676703123593342
-0.0030607415255657013
-0.001138880544556341
0.00961777340934296
-0.0048941233095708215
-0.019252051282960772
0.015213933353948269
-0.002971622124166942
-0.006010181078652526
0.011621002550194943
-0.0035760086072263173
-0.0030779866659065005
-0.006625478695922642
-0.0046609773817413635
-0.0024970214226151095
-0.0020131357111243292
-0.002006389114362328
-0.005646892814344645
0.01941761360583346
-0.00215127342018271
-0.002549245447663429
-0.01182293669253599
0.009910644468102692
-0.004157682492174377
-0.0016214839067199447
-0.00167704113589384
0.01602420086723076
-0.0023972083246187057
-0.0014771534531473056
-0.007392776993027712
-0.003171930559480163
-0.027227260148882947
0.016517859790466313
-0.0025312494028690066
-0.006305551508101687
-0.003915648818339773
-0.006602201415954423
0.01055905627508403
-0.005422975688098634
-0.002980410968791575
-0.0016821363710342238
-0.003140296499820588
0.015086946535493244
-0.009826918383514632
0.03887522133561953
-0.0038449545003127177
0.058608722555935494
0.011980151108444083
0.013186786981159526
0.02737316619673705
0.012349916294989669
-0.0026677445460001874
0.013819623405779087
-0.002779043020466832
-0.0014517916936052457
0.02023444679035724
-0.0074939134678787085
0.20955814612430756
0.04225102494461886
-0.008011277418090205
-0.008076723316454463
-0.007920985086242434
0.03196026030811957
0.019849575399391712
-0.007070975100024311
0.008952176012999672
-0.0031190217305375172
-0.005010556191094233
-0.002780643215014837
0.049812641062052555
-0.0033726999399623656
-0.0025527544296590683
-0.0016850202080835053
-0.014860166466232753
0.013124932620011487
-0.003899504439882126
-0.002815553472863152
-0.00319049942718144
-0.0046380571288120375
-0.0019535801367662163
-0.0009593061734666668
-0.00669773540232622
-0.0029596302279414517
-0.011973411418405123
-0.001873304718134758
-0.0045236469413220395
-0.004387100083666326
-0.004015524196730947
-0.005703885197410702
-0.003165787787566732
0.001615307131702176
-0.006058017074525832
-0.0013103556112410851
-0.0032608823525375535
-0.002716931052114904
-0.009193289304773315
0.0184371834750364
-0.0013267175201714197
-0.0013034636628768733
-0.0040614605293537
0.03745661396275316
-0.0017555885046396573
-0.0014217131261367226
-0.0009070241627622453
0.03762815547865774
-0.0014610630607747276
-0.0011597085912262075
-0.0067906467626755755
-0.0033362149025749853
-0.0013172465462199445
-0.0008729757495346938
-0.0015637511715402537
-0.0033877794069564334
-0.0019665193104549724
-0.0037745201969147
-0.0021437876287464
-0.007365284986311977
-0.00370318329596257
-0.0011370825371606684
-0.0016441130450993767
-0.001608270116093622
-0.007511200616153391
0.00420316992600786
-0.010716333076360047
0.011205308852073895
-0.022930964846590404
0.10234875134767057
-0.015675736083950603
-0.005710158107207644
-0.01374490579862825
0.07053427176848096
-0.00648415432005709
-0.004867340328570002
0.00382025676523308
-0.023042087237051073
-0.06409230740105863
0.025528699792792656
-0.012228355141334787
-0.017360031325096895
-0.03152690225916503
-0.02155807484088157
-0.012110469094813869
-0.02997675681495884
-0.016381351122275553
-0.004499043786326198
-0.008467028360846889
0.09792758523749139
-0.04878648382410307
0.030349964647616027
0.01694102530615524
-0.003906253552474416
-0.015505839620971601
0.027779666109513955
0.00498431930962915
-0.0031488523352262467
-0.00570891882471471
0.0009931552297161512
-0.0047132066383871124
-0.0017536008057855421
-0.014577735107672622
0.008095745439719701
-0.03996705321600616
-0.0038601193448120894
0.08569973104764325
-0.010244925263655013
-0.010802366257501342
-0.010903446996370242
-0.006591165333547448
-0.013102429812488377
-0.010305355823368932
-0.0045262268206466925
-0.005494085503176929
-0.0031990075595285275
-0.017670065140581115
-0.024252279121093047
-0.022587577722200033
0.01828134089074174
-0.06709072119279667
0.036664149581646176
-0.04058456890486073
0.22004784472576605
-0.020020163610933384
0.03762613818822051
-0.013730350719411654
-0.012546113366792863
-0.051844986182005094
-0.03386109649218739
-0.1567044254116801
0.0065495196148524755
-0.03381453111732325
-0.05598329802526529
-0.03130540987201948
0.00880848985023968
0.025418594502381035
-0.03714239783221919
-0.03432550888554681
0.01189846687452846
-0.026400644931017778
-0.013043711339135703
-0.07261656887013228
0.015048202641679456
0.019507899748418198
-0.0022199182303339966
-0.014329190243324118
-0.00170034344155046
-0.0027835072567574484
0.015224368390622509
-0.00219080216739961
0.019181935111929754
0.01287580926821519
0.014609070814933617
0.012422881519418965
0.07785369326160649
0.07064513774059347
0.013995055801841858
0.01471344613962337
-0.004388596470638416
0.06024658015735294
-0.004435304643938262
-0.0023431375403765616
0.06925526359270107
0.016286850074389445
0.03240849934751411
-0.0016678438125959758
-0.001760723633454204
-0.007557279240485732
0.018588273515306657
-0.00393262985261237
-0.004433418612556915
-0.020658769303953155
0.013239960087362673
-0.005665998011302169
-0.002371389105041888
0.031094393473445583
-0.0038668574970138632
-0.0052320642960044135
-0.0026142533308802997
0.005465067964995233
-0.0042993977213200175
-0.03250470735319017
0.019517928929342298
0.009893965366091035
-0.008989594819203094
0.03397228272846138
-0.007280944862587211
-0.004248128602429231
-0.012902508823907572
-0.0066410881312396865
-0.004138906433933295
-0.005218317272294692
-0.002374761218451128
-0.012227794351839719
-0.008734474899679153
-0.010149270623822532
-0.005574667666959119
-0.029291771909136417
-0.009933917235007032
-0.008808908021914768
-0.007875439941849392
-0.004493261635650985
-0.012990178559870613
-0.006404107563023104
-0.004326491186935176
-0.020532231262411403
-0.008570723560125688
-0.07410857782164362
-0.005866442331209328
-0.013669479128715105
-0.02244903805819728
-0.008872234429370634
-0.012302017863245493
-0.005606260508833385
0.03484333980189947
-0.007615850288580562
-0.0030405490091726076
-0.004274437343512145
-0.004210027572779336
-0.03166599977557932
0.06947505148067344
0.012957801562034256
-0.004188509011424444
-0.019142812782134516
0.017054565494713136
-0.007063392074444755
-0.0038728066607127396
-0.006130787512488011
0.06037892522629349
-0.0038674322198732638
0.017175608065377938
-0.029240368217096746
0.023334019957094616
-0.027065621289436154
0.07299468611025228
-0.010596482873848024
-0.011020117473732936
0.012077991791025958
-0.008014470626293289
0.006250263592233581
-0.014240535002319645
-0.005726950281714233
-0.005970721894509166
-0.004657087814359119
-0.0029719187457151737
-0.018721442988911645
-0.009904491480988637
-0.0037131171645820036
-0.005839537325903957
-0.02578173363871464
0.007061407229232233
0.00384543585706914
-0.00698225376157894
0.018018612274896643
-0.01267795208276443
-0.004964349357719699
-0.0022875113806449443
0.0001409013776443369
-0.015483709296764974
-0.029962197778181616
-0.006856368601318321
-0.009698316823943644
0.001639844561368704
-0.016221718191031957
0.006580705759448566
0.022660207792098288
-0.013006062706126083
-0.010624638938961692
-0.0038371810889684453
-0.0060059713395234264
-0.006040266615631861
-0.02867557788697709
0.018905487993322177
-0.003584725752201368
-0.0053783477874267275
-0.009238067394625647
0.060923713835408205
0.007678931781866368
-0.0034523803678302534
0.007737446735082145
0.10531468564569098
-0.005611140202134086
-0.0021086632469701013
-0.011501270592498726
-0.0038016092157600514
-0.027436690801424506
-0.0027956158979727426
-0.005939910391578564
-0.005592899165635924
0.009568253289756135
-0.004887072519584688
0.0030587439739448163
-0.007564318387233948
-0.0036782106862474225
-0.0016183061971348194
-0.0023271729043428135
0.012652234816135215
-0.017633856993404914
0.010617662380385662
-0.00485592374437792
-0.01047515124082591
-0.021761522375271097
0.0026353541091476804
0.010829905673104106
0.011776925303687815
-0.005391701626659016
0.027985027419690594
-0.005716366052377664
-0.005955491610304014
0.021925244647641166
0.013134450145701295
-0.010097529777538075
-0.0036780541930607324
-0.010202916296263352
-0.02036619979058085
0.004811444499424666
0.025771899589537968
-0.012302616135276025
-0.020613099931797413
0.0006716909361257579
-0.003992175205877945
-0.009521539810186096
-0.00520418672657284
0.0027087444601271984
-0.009333998199635558
-0.0031964880958932785
-0.005155610248768695
-0.02027385949949111
0.0394519228758292
-0.00627840678419191
-0.0027576826015545683
-0.004903011548216563
0.015634745618990198
-0.002957173177519632
-0.002819358551787225
-0.023673797529299274
-0.006428214020560395
-0.04062473775063794
-0.004849167214310173
-0.007554125301521025
-0.01291058953182805
-0.009457511633073429
-0.009816311126973634
-0.008128021817047831
0.0004687961617522389
0.014717573614160413
-0.0021257269769270923
-0.0028630516798279493
-0.0022227143773709238
-0.012204908519144238
0.018777266790075995
-0.001227543269034211
-0.0012307534790071404
-0.005874320888337212
-0.0011954969925824523
-0.0019141348903953487
-0.0026511345942401504
-0.0025103739867017717
-0.003615333709574893
-0.0021276115957066036
-0.001543455089845109
0.008084598371492164
-0.002240838718491636
-0.011725433444361567
0.020000029583128562
-0.0023657326661512246
-0.006737471486163827
-0.003150818425213599
-0.004547799211569285
-0.002869503648245291
-0.007085838947307635
-0.004144357449266634
-0.0015176166622759342
-0.001345756490360917
-0.0017439695453341435
-0.008830016392291615
-0.0033668785876477445
-0.003081361498843591
-0.0021487723681193893
-0.012564211952526876
-0.003186690169079329
-0.004881339324630813
-0.0038205627498389635
-0.0019196628946472473
0.01581958288187552
-0.0021071365478151226
-0.0014618466418488934
-0.006356411657636181
-0.00405116518650679
-0.019625081765004476
-0.0029763976706887753
0.0159238227736655
-0.009106268648572054
-0.005081963741027092
-0.0059666086182094055
-0.0036517635494025973
-0.009997754975946281
-0.0029081017327863556
-0.0012293220755126737
-0.0028033985473539377
-0.0018972625903780334
-0.0061364446033838746
-0.0028320954339236654
-0.001219204809082389
-0.0018394131591235804
-0.006500267071854027
-0.001393629163865066
-0.005122190686681189
-0.0024985314520569245
-0.0026163807751792218
-0.0023555012474493677
-0.002258027316961718
-0.0018195289353770965
0.012984586209216529
0.00852245229937372
-0.012563561025345922
-0.002444599701331509
-0.00301761552121613
-0.004629324334953053
-0.00667943632963083
-0.0036079590195395557
-0.0015484850356600939
-0.004238673785972263
-0.00455935487599458
-0.0019309325927984256
-0.0033405835203542088
-0.0018762007497379774
-0.005441360350539491
0.0008016814033569152
-0.008188667821286338
-0.014750927921042798
-0.03157625739004552
-0.0004724860160302369
-0.013185245653577593
-0.012229526711691212
-0.011108315865305956
0.024265870319732874
-0.010757319015040769
-0.008750570810406703
-0.014365286230930752
-0.013471341471374987
-0.08668638744271434
-0.012448441173416716
-0.013418943730275888
-0.02147776049150074
-0.023772960463820915
-0.028453898637256
-0.017948942056914753
-0.02226029228602502
-0.016490850326774473
-0.006655077713478336
-0.005853618490668208
-0.008232336776995188
0.03337551161431338
